background
0.0,-7.82407003591
86.1328125,-8.20094790616
172.265625,-11.1275481439
258.3984375,-11.0169160614
344.53125,-10.5691157719
430.6640625,-11.0442214984
516.796875,-11.7634414057
602.9296875,-11.6111611449
689.0625,-11.2805452042
775.1953125,-11.3855933369
861.328125,-11.6351235247
947.4609375,-12.136905232
1033.59375,-12.1563248618
1119.7265625,-12.0433123011
1205.859375,-12.2827427246
1291.9921875,-12.5379373028
1378.125,-12.4341807118
1464.2578125,-12.5992217771
1550.390625,-12.8084118016
1636.5234375,-12.9935578797
1722.65625,-13.245921482
1808.7890625,-13.2152622262
1894.921875,-13.1922922945
1981.0546875,-13.1380330076
2067.1875,-12.8352145961
2153.3203125,-13.0337347993
2239.453125,-13.6959820547
2325.5859375,-13.5894159248
2411.71875,-13.7134577056
2497.8515625,-13.8843190746
2583.984375,-13.9637250695
2670.1171875,-14.1119120209
2756.25,-14.1602690282
2842.3828125,-14.5255065843
2928.515625,-14.3155908844
3014.6484375,-14.0994832715
3100.78125,-14.1023008069
3186.9140625,-13.8331105993
3273.046875,-14.4750269912
3359.1796875,-14.4463903497
3445.3125,-14.8754868261
3531.4453125,-14.8174049214
3617.578125,-14.846434679
3703.7109375,-14.8238577521
3789.84375,-15.0206672671
3875.9765625,-14.9498950953
3962.109375,-15.0134912632
4048.2421875,-15.5276410796
4134.375,-15.5140258791
4220.5078125,-15.4765874142
4306.640625,-15.6246711238
4392.7734375,-15.3478338199
4478.90625,-15.1600130535
4565.0390625,-15.2843623873
4651.171875,-15.6357850886
4737.3046875,-15.7147121857
4823.4375,-15.7615253634
4909.5703125,-15.8464346843
4995.703125,-15.6450463873
5081.8359375,-15.8194174014
5167.96875,-16.0765997149
5254.1015625,-15.9872802143
5340.234375,-16.027088165
5426.3671875,-16.728993139
5512.5,-18.2534793828
5598.6328125,-19.5403653157
5684.765625,-21.2927191654
5770.8984375,-24.5834686242
5857.03125,-29.1809515151
5943.1640625,-35.5621542898
6029.296875,-41.182621421
6115.4296875,-41.3411612536
6201.5625,-42.3551394983
6287.6953125,-41.4779255092
6373.828125,-41.5161514033
6459.9609375,-41.7332543275
6546.09375,-42.2548033375
6632.2265625,-41.4896066872
6718.359375,-41.2390922186
6804.4921875,-42.0958987774
6890.625,-42.4590787364
6976.7578125,-41.9859706662
7062.890625,-41.7241753326
7149.0234375,-42.090612273
7235.15625,-41.8345792465
7321.2890625,-42.3015537139
7407.421875,-42.2307168763
7493.5546875,-41.477699776
7579.6875,-41.6698978082
7665.8203125,-42.0923132999
7751.953125,-42.5473177842
7838.0859375,-41.9768788263
7924.21875,-41.7447729646
8010.3515625,-41.5179494523
8096.484375,-41.4236569807
8182.6171875,-42.1196195634
8268.75,-41.8056295398
8354.8828125,-41.4439530419
8441.015625,-42.0934139117
8527.1484375,-41.6237020083
8613.28125,-41.2756051807
8699.4140625,-40.7660223601
8785.546875,-40.8191858248
8871.6796875,-41.2718445923
8957.8125,-40.2148040128
9043.9453125,-40.6516817274
9130.078125,-41.7041802023
9216.2109375,-40.7400096982
9302.34375,-40.2470494942
9388.4765625,-40.8110863351
9474.609375,-41.4664601312
9560.7421875,-40.4672268167
9646.875,-40.9697443522
9733.0078125,-40.2927878671
9819.140625,-40.3889844503
9905.2734375,-40.3586122274
9991.40625,-40.3445895413
10077.5390625,-40.691018509
10163.671875,-41.1857499522
10249.8046875,-41.240660819
10335.9375,-40.659142372
10422.0703125,-40.3291742465
10508.203125,-40.1397481663
10594.3359375,-40.1040105069
10680.46875,-40.3304435597
10766.6015625,-40.7811315896
10852.734375,-40.3935508674
10938.8671875,-39.9993891104
11025.0,-40.038223766
11111.1328125,-39.7775101953
11197.265625,-39.830608392
11283.3984375,-39.8952341883
11369.53125,-40.0307723099
11455.6640625,-39.8800033275
11541.796875,-39.6692590015
11627.9296875,-40.0635384194
11714.0625,-39.9710879556
11800.1953125,-39.8069749339
11886.328125,-40.3471113871
11972.4609375,-40.663322506
12058.59375,-40.4266444825
12144.7265625,-40.5229764066
12230.859375,-39.9442092454
12316.9921875,-39.7536821879
12403.125,-39.876343089
12489.2578125,-39.990769298
12575.390625,-39.7369726005
12661.5234375,-40.3335993085
12747.65625,-40.7934477195
12833.7890625,-40.1103695751
12919.921875,-39.4447713934
13006.0546875,-39.4927900883
13092.1875,-39.8536216157
13178.3203125,-39.5844004421
13264.453125,-39.991497957
13350.5859375,-39.8195310399
13436.71875,-39.1628751757
13522.8515625,-39.7465408607
13608.984375,-40.2639585326
13695.1171875,-39.8777114743
13781.25,-40.450605081
13867.3828125,-40.2987628319
13953.515625,-40.5357802997
14039.6484375,-40.1444324781
14125.78125,-40.2003131073
14211.9140625,-40.7591193295
14298.046875,-40.0478073107
14384.1796875,-39.8748964678
14470.3125,-40.2128068898
14556.4453125,-40.6743824676
14642.578125,-39.6962255884
14728.7109375,-40.2266521626
14814.84375,-39.8927722914
14900.9765625,-39.8990300355
14987.109375,-39.5982598638
15073.2421875,-39.8327602549
15159.375,-39.9052521911
15245.5078125,-39.7400729118
15331.640625,-40.1688905576
15417.7734375,-40.2139511333
15503.90625,-40.3732115916
15590.0390625,-40.2074180879
15676.171875,-40.1983415062
15762.3046875,-40.6067078404
15848.4375,-40.4429411365
15934.5703125,-39.5179981067
16020.703125,-38.7570149097
16106.8359375,-39.2462182407
16192.96875,-40.1119538858
16279.1015625,-40.1183319971
16365.234375,-39.8694862718
16451.3671875,-39.6987810939
16537.5,-40.1069994978
16623.6328125,-40.629327869
16709.765625,-40.6176830427
16795.8984375,-40.7135052438
16882.03125,-40.0451165671
16968.1640625,-39.9314020625
17054.296875,-40.3356116544
17140.4296875,-40.0399125073
17226.5625,-40.5313841521
17312.6953125,-41.0669598052
17398.828125,-41.6785495763
17484.9609375,-42.0418971676
17571.09375,-41.4910434851
17657.2265625,-41.3689754662
17743.359375,-41.5789280748
17829.4921875,-41.3750457916
17915.625,-41.6199671233
18001.7578125,-41.4333866939
18087.890625,-41.4215540536
18174.0234375,-41.591259424
18260.15625,-41.6384773456
18346.2890625,-41.9700161462
18432.421875,-42.1492218447
18518.5546875,-42.5666092633
18604.6875,-42.5066512583
18690.8203125,-41.9366489964
18776.953125,-42.1420181299
18863.0859375,-42.2860365767
18949.21875,-41.9230099451
19035.3515625,-42.2202363371
19121.484375,-42.897176868
19207.6171875,-43.4534987509
19293.75,-42.7622586254
19379.8828125,-42.0575207578
19466.015625,-41.5377700936
19552.1484375,-41.1266155273
19638.28125,-41.0158347946
19724.4140625,-41.9215702599
19810.546875,-41.8143709923
19896.6796875,-41.2788989023
19982.8125,-41.3558759993
20068.9453125,-41.943437969
20155.078125,-42.0090744257
20241.2109375,-41.8932378012
20327.34375,-41.696402012
20413.4765625,-42.031324891
20499.609375,-41.8549675554
20585.7421875,-41.9737499015
20671.875,-41.7054390317
20758.0078125,-41.4315289553
20844.140625,-41.8170635856
20930.2734375,-42.1532485777
21016.40625,-42.3701672327
21102.5390625,-41.972310529
21188.671875,-41.4604331907
21274.8046875,-41.2201005193
21360.9375,-41.1604891827
21447.0703125,-41.6417028953
21533.203125,-41.8529497764
21619.3359375,-41.3964708253
21705.46875,-41.7296992249
21791.6015625,-41.689945177
21877.734375,-41.6448517379
21963.8671875,-41.837980591
22050.0,-43.614780578
