background
0.0,-21.9403350838
86.1328125,-16.9162122068
172.265625,-15.3215675551
258.3984375,-16.2138397863
344.53125,-16.9343999781
430.6640625,-17.428568293
516.796875,-17.9659491114
602.9296875,-19.3072913507
689.0625,-21.3664162085
775.1953125,-21.5133810617
861.328125,-21.3607309554
947.4609375,-20.825308496
1033.59375,-21.1570430173
1119.7265625,-21.7634806695
1205.859375,-21.5860470242
1291.9921875,-21.1324744098
1378.125,-22.4935089449
1464.2578125,-23.0868457994
1550.390625,-22.7691308319
1636.5234375,-24.3054472108
1722.65625,-23.7158051287
1808.7890625,-22.8568833069
1894.921875,-22.3614927228
1981.0546875,-22.7052862462
2067.1875,-22.5127907836
2153.3203125,-23.0342251136
2239.453125,-23.0052775678
2325.5859375,-24.0075458265
2411.71875,-25.0604910921
2497.8515625,-25.146352709
2583.984375,-25.3030781474
2670.1171875,-25.7415452044
2756.25,-25.3464208773
2842.3828125,-25.3614968925
2928.515625,-25.852016099
3014.6484375,-25.2522133977
3100.78125,-24.9973850605
3186.9140625,-25.1011244241
3273.046875,-24.795785429
3359.1796875,-24.9540158788
3445.3125,-25.3207339302
3531.4453125,-26.4837439459
3617.578125,-26.0645331676
3703.7109375,-26.9877267084
3789.84375,-26.4744061635
3875.9765625,-25.4999049171
3962.109375,-25.5357576761
4048.2421875,-26.1416772432
4134.375,-25.7163708463
4220.5078125,-25.7552586863
4306.640625,-26.0016348853
4392.7734375,-25.356182726
4478.90625,-24.0517566845
4565.0390625,-23.9923811018
4651.171875,-24.7198892089
4737.3046875,-24.1667076878
4823.4375,-24.6873373833
4909.5703125,-24.8941460978
4995.703125,-26.0211272685
5081.8359375,-25.2984120484
5167.96875,-25.4336422971
5254.1015625,-25.2337708521
5340.234375,-24.7305160103
5426.3671875,-25.0788622251
5512.5,-25.4049828749
5598.6328125,-23.9474347347
5684.765625,-23.5149197923
5770.8984375,-22.6820080094
5857.03125,-22.400182701
5943.1640625,-22.3051502743
6029.296875,-23.5529520004
6115.4296875,-23.1130715625
6201.5625,-23.3794230664
6287.6953125,-23.5511286761
6373.828125,-22.8130716722
6459.9609375,-21.7131983282
6546.09375,-22.2359216503
6632.2265625,-22.5582219
6718.359375,-22.5402621348
6804.4921875,-22.0929993229
6890.625,-23.7477715357
6976.7578125,-25.2334016673
7062.890625,-25.2749831437
7149.0234375,-25.4962787239
7235.15625,-25.827221244
7321.2890625,-26.2999307312
7407.421875,-25.884409255
7493.5546875,-26.0186516001
7579.6875,-25.9712067689
7665.8203125,-26.2826902697
7751.953125,-26.3014042734
7838.0859375,-25.2802697414
7924.21875,-25.5355427342
8010.3515625,-25.7588863429
8096.484375,-26.5609516808
8182.6171875,-26.6362370211
8268.75,-26.1490531953
8354.8828125,-26.6638100523
8441.015625,-26.8553261323
8527.1484375,-26.7358622945
8613.28125,-26.6830728846
8699.4140625,-26.3272187116
8785.546875,-26.3202679251
8871.6796875,-26.2422527132
8957.8125,-26.4533359901
9043.9453125,-27.2052321847
9130.078125,-28.3559279074
9216.2109375,-27.8922587024
9302.34375,-27.8620108954
9388.4765625,-28.0843363352
9474.609375,-27.280596126
9560.7421875,-27.886958292
9646.875,-27.2191566839
9733.0078125,-27.3903187219
9819.140625,-27.6725897804
9905.2734375,-27.0990314484
9991.40625,-28.2818316629
10077.5390625,-28.604006243
10163.671875,-28.5022579497
10249.8046875,-28.2120819048
10335.9375,-28.2078079825
10422.0703125,-28.4198330857
10508.203125,-29.0971433922
10594.3359375,-29.1482134182
10680.46875,-28.908379437
10766.6015625,-28.4712606198
10852.734375,-28.3372250331
10938.8671875,-28.6536018751
11025.0,-28.4947224996
11111.1328125,-29.0146538411
11197.265625,-29.5217778383
11283.3984375,-29.7049640165
11369.53125,-28.9800912742
11455.6640625,-29.89452897
11541.796875,-29.8820415986
11627.9296875,-29.7913094253
11714.0625,-30.803839152
11800.1953125,-30.138690106
11886.328125,-29.5738865237
11972.4609375,-29.564941477
12058.59375,-30.9625471415
12144.7265625,-30.372475602
12230.859375,-29.4921823382
12316.9921875,-29.82632984
12403.125,-29.8694249761
12489.2578125,-29.6110985683
12575.390625,-30.5238510321
12661.5234375,-30.6986450974
12747.65625,-30.4357375324
12833.7890625,-29.912101971
12919.921875,-30.6145014147
13006.0546875,-30.8632931745
13092.1875,-30.7482367015
13178.3203125,-29.8276010758
13264.453125,-30.4081638982
13350.5859375,-30.5961685666
13436.71875,-30.2183044876
13522.8515625,-30.0336838253
13608.984375,-30.6614945013
13695.1171875,-31.7056182446
13781.25,-30.2496916872
13867.3828125,-30.2891756588
13953.515625,-30.9526117029
14039.6484375,-31.2164916126
14125.78125,-30.5820892458
14211.9140625,-30.9064536451
14298.046875,-31.7579067967
14384.1796875,-30.4271126215
14470.3125,-30.2343296332
14556.4453125,-31.0733399949
14642.578125,-30.8629409289
14728.7109375,-30.5174164413
14814.84375,-30.9280013863
14900.9765625,-30.8412039034
14987.109375,-31.145465987
15073.2421875,-31.2807002377
15159.375,-31.6557416612
15245.5078125,-31.6007832286
15331.640625,-31.4204910913
15417.7734375,-30.9337929346
15503.90625,-31.6317213532
15590.0390625,-33.5838982978
15676.171875,-39.3780113581
15762.3046875,-40.7899606087
15848.4375,-42.6989161849
15934.5703125,-42.9957861556
16020.703125,-43.1680798987
16106.8359375,-41.8360030533
16192.96875,-41.821463722
16279.1015625,-42.4634701284
16365.234375,-42.5438937328
16451.3671875,-42.2746204051
16537.5,-42.4795083507
16623.6328125,-42.4655441137
16709.765625,-41.9811771294
16795.8984375,-42.8301653866
16882.03125,-40.9225526433
16968.1640625,-39.3878906441
17054.296875,-40.9576414262
17140.4296875,-41.9588993111
17226.5625,-42.470584904
17312.6953125,-43.0832913438
17398.828125,-42.7506031962
17484.9609375,-42.3302376404
17571.09375,-42.1410848036
17657.2265625,-42.0131668459
17743.359375,-42.7514720037
17829.4921875,-42.7753762195
17915.625,-42.2091429244
18001.7578125,-42.4846971877
18087.890625,-42.5257099692
18174.0234375,-42.5046985293
18260.15625,-42.767055752
18346.2890625,-43.3945250362
18432.421875,-42.7518361345
18518.5546875,-42.4809812393
18604.6875,-42.7078539911
18690.8203125,-42.3319518478
18776.953125,-41.6172982815
18863.0859375,-42.1544991934
18949.21875,-43.2045873973
19035.3515625,-42.7880296024
19121.484375,-42.2395032385
19207.6171875,-42.0825873443
19293.75,-43.1432134497
19379.8828125,-43.195785939
19466.015625,-42.3242943194
19552.1484375,-41.6493883537
19638.28125,-41.7007226212
19724.4140625,-42.4457180085
19810.546875,-42.9722884014
19896.6796875,-41.7878853831
19982.8125,-42.1031387461
20068.9453125,-42.7548209143
20155.078125,-42.9695644038
20241.2109375,-43.0272905577
20327.34375,-42.8942312395
20413.4765625,-42.9105212819
20499.609375,-43.1753347416
20585.7421875,-42.1547271948
20671.875,-42.5580661362
20758.0078125,-43.4989591498
20844.140625,-42.5898866803
20930.2734375,-42.8144501271
21016.40625,-43.00823877
21102.5390625,-42.3977273857
21188.671875,-42.8859372672
21274.8046875,-43.1535218506
21360.9375,-42.7851432076
21447.0703125,-42.2273263494
21533.203125,-42.1500784859
21619.3359375,-42.4353249834
21705.46875,-42.8866564899
21791.6015625,-42.2488695655
21877.734375,-42.1328252308
21963.8671875,-42.4140842232
22050.0,-43.487857785
