background
0.0,-11.6641956415
86.1328125,-9.0225912726
172.265625,-8.92292594628
258.3984375,-9.69358179875
344.53125,-11.9469928979
430.6640625,-12.986166849
516.796875,-13.4426772686
602.9296875,-14.3793643778
689.0625,-14.2927683721
775.1953125,-14.4432634202
861.328125,-16.0710864422
947.4609375,-18.1311739212
1033.59375,-18.4505897396
1119.7265625,-19.040362814
1205.859375,-19.514999145
1291.9921875,-19.1381194556
1378.125,-18.8130530368
1464.2578125,-18.2437556902
1550.390625,-17.5736297213
1636.5234375,-17.3946856437
1722.65625,-19.3028777087
1808.7890625,-20.0236209576
1894.921875,-21.3740804757
1981.0546875,-21.579276552
2067.1875,-21.0683558755
2153.3203125,-20.3212207601
2239.453125,-17.8063300275
2325.5859375,-17.1955395803
2411.71875,-19.0627090735
2497.8515625,-21.301377707
2583.984375,-21.3765675777
2670.1171875,-19.5760196924
2756.25,-19.8824498058
2842.3828125,-22.3769555654
2928.515625,-27.8073195843
3014.6484375,-27.994190998
3100.78125,-27.4561687523
3186.9140625,-27.3116092055
3273.046875,-25.5503048705
3359.1796875,-22.8398443645
3445.3125,-23.2360826851
3531.4453125,-26.4188044962
3617.578125,-29.2604089605
3703.7109375,-29.7085000134
3789.84375,-30.3567419047
3875.9765625,-30.832872425
3962.109375,-30.4765738097
4048.2421875,-30.5680370739
4134.375,-28.2808071304
4220.5078125,-27.6437731409
4306.640625,-28.218555598
4392.7734375,-28.5456111913
4478.90625,-29.3563761966
4565.0390625,-28.7566981435
4651.171875,-27.9873885044
4737.3046875,-26.1780894208
4823.4375,-26.879980717
4909.5703125,-29.184369414
4995.703125,-29.6334291935
5081.8359375,-30.0653499464
5167.96875,-29.2324881577
5254.1015625,-28.2221947918
5340.234375,-28.3009416418
5426.3671875,-27.5597060336
5512.5,-27.1546426179
5598.6328125,-26.9358137531
5684.765625,-26.670125724
5770.8984375,-27.5223710448
5857.03125,-29.3585414452
5943.1640625,-30.391062774
6029.296875,-29.9163473568
6115.4296875,-29.5042950235
6201.5625,-29.8100235514
6287.6953125,-29.6022229667
6373.828125,-28.6549678651
6459.9609375,-29.0887266929
6546.09375,-30.0666026311
6632.2265625,-30.0184780327
6718.359375,-29.6139616383
6804.4921875,-29.8772185584
6890.625,-28.8240640971
6976.7578125,-28.5397984659
7062.890625,-30.106877399
7149.0234375,-30.0682697
7235.15625,-30.9344245635
7321.2890625,-31.18899911
7407.421875,-30.3808713072
7493.5546875,-30.6179238393
7579.6875,-30.6730120575
7665.8203125,-30.430570284
7751.953125,-30.6330460295
7838.0859375,-29.8406896512
7924.21875,-29.2986123848
8010.3515625,-29.4875021606
8096.484375,-29.9248571771
8182.6171875,-30.8456925418
8268.75,-31.3964291944
8354.8828125,-32.7737094712
8441.015625,-32.3565196445
8527.1484375,-31.4680686458
8613.28125,-31.4793879613
8699.4140625,-31.3459285364
8785.546875,-31.7743207866
8871.6796875,-31.6044894796
8957.8125,-31.4890967184
9043.9453125,-32.1531763886
9130.078125,-31.8040595871
9216.2109375,-31.6320544783
9302.34375,-31.4192603256
9388.4765625,-31.5984378234
9474.609375,-31.51939479
9560.7421875,-31.3547750897
9646.875,-31.3995614923
9733.0078125,-31.8374413254
9819.140625,-31.7722059557
9905.2734375,-31.2968557705
9991.40625,-31.3359220456
10077.5390625,-31.654640771
10163.671875,-31.4825456564
10249.8046875,-31.24912087
10335.9375,-31.9098437268
10422.0703125,-32.5034873106
10508.203125,-31.7332268757
10594.3359375,-31.4828823148
10680.46875,-31.7361622684
10766.6015625,-31.5234288569
10852.734375,-31.8500574985
10938.8671875,-32.2189672795
11025.0,-31.8586903965
11111.1328125,-32.4377427402
11197.265625,-32.7319474164
11283.3984375,-32.302245325
11369.53125,-32.201340987
11455.6640625,-32.341184454
11541.796875,-32.0313531608
11627.9296875,-32.5664665386
11714.0625,-32.5804096656
11800.1953125,-33.0273264208
11886.328125,-32.4409443033
11972.4609375,-32.4954526524
12058.59375,-32.8297376493
12144.7265625,-32.2629762261
12230.859375,-32.2927167159
12316.9921875,-32.1206710957
12403.125,-31.8380235725
12489.2578125,-31.8736436101
12575.390625,-32.3021520428
12661.5234375,-31.8882844915
12747.65625,-32.0246712457
12833.7890625,-32.9482393475
12919.921875,-32.9166181964
13006.0546875,-32.5509362862
13092.1875,-33.0195889677
13178.3203125,-32.7671918361
13264.453125,-32.6951124459
13350.5859375,-32.2158648249
13436.71875,-32.7804469705
13522.8515625,-32.3185037525
13608.984375,-32.6545054479
13695.1171875,-32.9250851955
13781.25,-32.4481481074
13867.3828125,-32.6883273615
13953.515625,-32.8819680847
14039.6484375,-33.0796071457
14125.78125,-33.0863038781
14211.9140625,-33.3964709631
14298.046875,-33.7137133067
14384.1796875,-33.2600408774
14470.3125,-33.2222754202
14556.4453125,-33.1453418949
14642.578125,-32.9762499754
14728.7109375,-33.8991036111
14814.84375,-33.9511655992
14900.9765625,-33.0666816404
14987.109375,-33.5496047364
15073.2421875,-33.3678795974
15159.375,-33.1861355283
15245.5078125,-33.3019682855
15331.640625,-33.5073406604
15417.7734375,-33.3916273513
15503.90625,-33.1873584965
15590.0390625,-33.1819451728
15676.171875,-33.7712780984
15762.3046875,-36.6336082526
15848.4375,-41.7752896045
15934.5703125,-42.1590315094
16020.703125,-42.2168313282
16106.8359375,-41.8745266228
16192.96875,-41.8666147868
16279.1015625,-41.8761761686
16365.234375,-42.0682941911
16451.3671875,-41.9859545813
16537.5,-41.809857112
16623.6328125,-41.4340210055
16709.765625,-41.3149915254
16795.8984375,-41.8419269929
16882.03125,-42.1330882242
16968.1640625,-42.0686205072
17054.296875,-41.2757671865
17140.4296875,-41.653835032
17226.5625,-42.9095244603
17312.6953125,-42.4036011549
17398.828125,-42.3136680356
17484.9609375,-42.2125348749
17571.09375,-41.8516068853
17657.2265625,-41.7995280795
17743.359375,-41.7241501787
17829.4921875,-41.6975795356
17915.625,-41.8890483816
18001.7578125,-41.4047004821
18087.890625,-41.8964164805
18174.0234375,-42.1739407461
18260.15625,-41.6787534098
18346.2890625,-42.1157978589
18432.421875,-41.7993928716
18518.5546875,-41.6234301554
18604.6875,-42.1220521397
18690.8203125,-42.0399536043
18776.953125,-41.4483355672
18863.0859375,-41.6947799085
18949.21875,-42.0415435539
19035.3515625,-42.3125511412
19121.484375,-41.4462642632
19207.6171875,-41.5653790063
19293.75,-41.8026185592
19379.8828125,-42.1664666325
19466.015625,-41.928091526
19552.1484375,-41.6314560387
19638.28125,-41.6758020622
19724.4140625,-41.8319359355
19810.546875,-41.6816151324
19896.6796875,-41.4091589892
19982.8125,-41.4668766953
20068.9453125,-41.4549586278
20155.078125,-42.0762550432
20241.2109375,-41.9051995784
20327.34375,-41.5696917058
20413.4765625,-41.354374538
20499.609375,-41.3977458111
20585.7421875,-42.0975716176
20671.875,-41.8079739476
20758.0078125,-41.546652894
20844.140625,-42.0413477509
20930.2734375,-42.1219522311
21016.40625,-42.4155088672
21102.5390625,-41.9912554803
21188.671875,-42.1851263261
21274.8046875,-42.2278981803
21360.9375,-42.5454409308
21447.0703125,-41.5775805426
21533.203125,-41.0659127312
21619.3359375,-41.4023830573
21705.46875,-41.4095596123
21791.6015625,-41.3067367022
21877.734375,-41.795189761
21963.8671875,-41.887544709
22050.0,-43.8749454511
