background
0.0,-12.6818032422
86.1328125,-10.3841646587
172.265625,-10.4140363912
258.3984375,-10.4548620927
344.53125,-10.0522833275
430.6640625,-9.51348512479
516.796875,-9.39259447072
602.9296875,-9.18595436622
689.0625,-9.21486727
775.1953125,-11.276817758
861.328125,-12.947509701
947.4609375,-14.4503946299
1033.59375,-15.7315475717
1119.7265625,-15.8850007114
1205.859375,-16.2617845019
1291.9921875,-16.7424388058
1378.125,-16.7016567548
1464.2578125,-15.3449425095
1550.390625,-13.6543047773
1636.5234375,-13.527756361
1722.65625,-15.4545597147
1808.7890625,-16.7215105018
1894.921875,-16.7949552364
1981.0546875,-16.9032701922
2067.1875,-17.5320989207
2153.3203125,-16.2808328594
2239.453125,-14.612709918
2325.5859375,-14.3459999672
2411.71875,-15.1164127185
2497.8515625,-16.4276931087
2583.984375,-17.810421619
2670.1171875,-18.7769136831
2756.25,-18.7963110722
2842.3828125,-17.8674561664
2928.515625,-16.6518707489
3014.6484375,-16.2760187662
3100.78125,-17.5884223758
3186.9140625,-18.8059405993
3273.046875,-19.1669276359
3359.1796875,-18.23668287
3445.3125,-18.1582156251
3531.4453125,-17.0172755223
3617.578125,-16.6997606514
3703.7109375,-16.9336825068
3789.84375,-17.8821935186
3875.9765625,-18.1837189421
3962.109375,-18.3148286181
4048.2421875,-18.652332428
4134.375,-18.2589009412
4220.5078125,-17.9534269648
4306.640625,-19.1185775226
4392.7734375,-19.4512892846
4478.90625,-19.8178004977
4565.0390625,-19.5838935722
4651.171875,-17.4914822279
4737.3046875,-17.6761358987
4823.4375,-18.6719199706
4909.5703125,-18.9280575983
4995.703125,-19.9002860909
5081.8359375,-20.2513597987
5167.96875,-20.0308258919
5254.1015625,-19.8494084875
5340.234375,-20.0612199529
5426.3671875,-19.8150746022
5512.5,-19.725615774
5598.6328125,-19.6510253339
5684.765625,-19.8621219542
5770.8984375,-19.8346162036
5857.03125,-20.2367834208
5943.1640625,-19.5953657696
6029.296875,-19.8683791067
6115.4296875,-20.0496677976
6201.5625,-19.4315118986
6287.6953125,-19.1575616851
6373.828125,-19.7855540358
6459.9609375,-20.2491587211
6546.09375,-19.5764119011
6632.2265625,-19.4556322683
6718.359375,-19.7606538476
6804.4921875,-19.4168476656
6890.625,-19.5576303211
6976.7578125,-19.6398012217
7062.890625,-19.5193922064
7149.0234375,-19.7520133038
7235.15625,-20.0908322251
7321.2890625,-20.0662501046
7407.421875,-19.8642492024
7493.5546875,-19.9930609907
7579.6875,-20.2079421017
7665.8203125,-20.4371253643
7751.953125,-21.1385123053
7838.0859375,-22.0167938444
7924.21875,-22.3607252995
8010.3515625,-21.0833692429
8096.484375,-20.4238652133
8182.6171875,-20.3812153478
8268.75,-20.463184248
8354.8828125,-20.7126688134
8441.015625,-21.3142722314
8527.1484375,-20.6607643154
8613.28125,-20.3252564927
8699.4140625,-19.8672882113
8785.546875,-19.7295027629
8871.6796875,-19.8528548151
8957.8125,-19.9478695958
9043.9453125,-19.7876197829
9130.078125,-20.6622487837
9216.2109375,-20.2751382728
9302.34375,-19.964798527
9388.4765625,-19.482917415
9474.609375,-19.5358908685
9560.7421875,-19.4211273846
9646.875,-19.4074119142
9733.0078125,-19.8130161188
9819.140625,-19.3853119609
9905.2734375,-19.4687306626
9991.40625,-20.0910061197
10077.5390625,-19.8879304284
10163.671875,-20.1741077311
10249.8046875,-20.8968883014
10335.9375,-22.4071050138
10422.0703125,-26.0045725118
10508.203125,-30.7999734254
10594.3359375,-34.8994248386
10680.46875,-37.8241858751
10766.6015625,-38.9297251843
10852.734375,-41.0334935517
10938.8671875,-41.1442222998
11025.0,-41.8340807641
11111.1328125,-42.0779040251
11197.265625,-42.5039854972
11283.3984375,-42.2118726385
11369.53125,-41.6213716088
11455.6640625,-41.2154286793
11541.796875,-41.363396214
11627.9296875,-41.6801703669
11714.0625,-42.0272421227
11800.1953125,-41.306552641
11886.328125,-39.7038106402
11972.4609375,-40.2704477228
12058.59375,-41.5520480315
12144.7265625,-41.09763633
12230.859375,-41.0794227495
12316.9921875,-40.4226526465
12403.125,-39.4620172264
12489.2578125,-38.8704399686
12575.390625,-38.9761523683
12661.5234375,-38.9764122192
12747.65625,-40.2760810044
12833.7890625,-39.904954841
12919.921875,-39.4190378805
13006.0546875,-39.1992563308
13092.1875,-38.1949625118
13178.3203125,-37.7151427023
13264.453125,-38.3133611459
13350.5859375,-37.7014537629
13436.71875,-37.0324650806
13522.8515625,-37.364022543
13608.984375,-38.5673687676
13695.1171875,-38.4280518721
13781.25,-37.3987537412
13867.3828125,-37.5020934124
13953.515625,-37.9237576801
14039.6484375,-37.7065618309
14125.78125,-36.9470787428
14211.9140625,-37.1313105476
14298.046875,-37.3505320064
14384.1796875,-37.582774384
14470.3125,-36.720188394
14556.4453125,-36.8730229358
14642.578125,-36.9079965603
14728.7109375,-36.7975296088
14814.84375,-36.8688650842
14900.9765625,-36.9763662764
14987.109375,-37.3857701325
15073.2421875,-37.1382513675
15159.375,-37.1386055042
15245.5078125,-38.5409701379
15331.640625,-38.8913934627
15417.7734375,-39.2793936018
15503.90625,-38.6793037155
15590.0390625,-38.2903646501
15676.171875,-38.9399585459
15762.3046875,-40.4072043209
15848.4375,-41.3408821819
15934.5703125,-42.4696713333
16020.703125,-42.1779961944
16106.8359375,-41.1386409507
16192.96875,-41.2577836511
16279.1015625,-42.0940349081
16365.234375,-42.6210875499
16451.3671875,-41.9094940781
16537.5,-41.5840252499
16623.6328125,-42.0703871318
16709.765625,-41.9125378889
16795.8984375,-41.6614598573
16882.03125,-41.8377901108
16968.1640625,-41.8408992646
17054.296875,-41.1509102514
17140.4296875,-41.1370525551
17226.5625,-41.4278015399
17312.6953125,-41.5905463745
17398.828125,-41.736993844
17484.9609375,-41.8169217455
17571.09375,-41.4294863523
17657.2265625,-41.5160030687
17743.359375,-41.655605369
17829.4921875,-41.8196941586
17915.625,-41.7215182471
18001.7578125,-41.6612957343
18087.890625,-41.2628886732
18174.0234375,-41.5033415224
18260.15625,-42.1720574634
18346.2890625,-42.2928246043
18432.421875,-41.3912772976
18518.5546875,-41.3713559106
18604.6875,-41.6527569133
18690.8203125,-41.8596161135
18776.953125,-41.8396132508
18863.0859375,-41.7714165966
18949.21875,-41.8155557337
19035.3515625,-41.6019973377
19121.484375,-41.4563671716
19207.6171875,-41.7607216578
19293.75,-41.4271795429
19379.8828125,-41.5496340058
19466.015625,-41.7232263528
19552.1484375,-41.5836164506
19638.28125,-42.0955582535
19724.4140625,-41.6991077622
19810.546875,-41.0737132144
19896.6796875,-41.30759867
19982.8125,-41.4384752073
20068.9453125,-41.8251598011
20155.078125,-41.2265683153
20241.2109375,-41.7551964499
20327.34375,-42.153866185
20413.4765625,-41.7034482189
20499.609375,-41.4951207687
20585.7421875,-41.1882662145
20671.875,-41.9226570855
20758.0078125,-41.4798662393
20844.140625,-41.4111268583
20930.2734375,-41.5153975927
21016.40625,-41.1254861418
21102.5390625,-41.2252856809
21188.671875,-41.2507795308
21274.8046875,-42.0309853126
21360.9375,-41.9973520259
21447.0703125,-41.3888761546
21533.203125,-41.8161496212
21619.3359375,-41.8541227767
21705.46875,-41.501024847
21791.6015625,-42.213750019
21877.734375,-41.664004821
21963.8671875,-41.9703276033
22050.0,-44.3048980069
