background
0.0,-15.4128747615
86.1328125,-12.7492878828
172.265625,-10.6183777967
258.3984375,-8.46536930107
344.53125,-7.37242447651
430.6640625,-7.83982181122
516.796875,-7.24436467732
602.9296875,-7.25864323677
689.0625,-7.58375286629
775.1953125,-7.83962420245
861.328125,-8.04727999609
947.4609375,-9.05486285704
1033.59375,-9.85869453171
1119.7265625,-9.94732833076
1205.859375,-12.5165942005
1291.9921875,-11.5484879054
1378.125,-9.43297617131
1464.2578125,-9.80729764937
1550.390625,-12.9010190901
1636.5234375,-12.9219629701
1722.65625,-14.5807377302
1808.7890625,-12.2128501031
1894.921875,-11.6684915804
1981.0546875,-12.7588928165
2067.1875,-14.9203346685
2153.3203125,-15.3470404653
2239.453125,-13.9825328432
2325.5859375,-15.3015591871
2411.71875,-16.8198855573
2497.8515625,-16.6516692065
2583.984375,-18.4078699727
2670.1171875,-19.0892910666
2756.25,-24.2380846615
2842.3828125,-23.8354626117
2928.515625,-22.0840386004
3014.6484375,-22.3780561143
3100.78125,-23.569652306
3186.9140625,-21.7808682242
3273.046875,-22.7009004684
3359.1796875,-22.1276451869
3445.3125,-22.1414390313
3531.4453125,-23.2880428962
3617.578125,-26.4627332268
3703.7109375,-26.1551275011
3789.84375,-27.3705618645
3875.9765625,-26.3942415259
3962.109375,-25.4718427971
4048.2421875,-25.5005303763
4134.375,-25.680180238
4220.5078125,-25.2072458189
4306.640625,-25.0369660439
4392.7734375,-26.6109829512
4478.90625,-30.4662427166
4565.0390625,-29.0336859579
4651.171875,-28.0561997874
4737.3046875,-26.1134750719
4823.4375,-23.7094863031
4909.5703125,-21.3009123642
4995.703125,-20.3755838858
5081.8359375,-21.6882672819
5167.96875,-22.0313582529
5254.1015625,-21.8771995162
5340.234375,-22.2793194238
5426.3671875,-24.7139639243
5512.5,-20.9354679833
5598.6328125,-21.1306117577
5684.765625,-20.5762026982
5770.8984375,-19.9005695922
5857.03125,-20.6413265616
5943.1640625,-24.9118248231
6029.296875,-25.5445212481
6115.4296875,-26.9910824302
6201.5625,-25.7517100059
6287.6953125,-24.930037023
6373.828125,-27.9751024962
6459.9609375,-27.5455890163
6546.09375,-25.026323594
6632.2265625,-24.1690078561
6718.359375,-25.2046932594
6804.4921875,-26.999753196
6890.625,-26.3281493982
6976.7578125,-26.6788759876
7062.890625,-28.4086206849
7149.0234375,-28.6287680943
7235.15625,-29.0858342842
7321.2890625,-27.2236389626
7407.421875,-24.9428302586
7493.5546875,-26.842123781
7579.6875,-26.984260314
7665.8203125,-23.5989201524
7751.953125,-24.2045133323
7838.0859375,-21.0847560434
7924.21875,-22.3459915453
8010.3515625,-24.2986826004
8096.484375,-23.6223314386
8182.6171875,-23.7508096333
8268.75,-25.8648449369
8354.8828125,-26.0485355952
8441.015625,-24.44954137
8527.1484375,-26.2525623069
8613.28125,-27.765000158
8699.4140625,-24.2975413207
8785.546875,-25.2347398862
8871.6796875,-22.9461182198
8957.8125,-22.2268831105
9043.9453125,-22.2289983125
9130.078125,-22.5941817986
9216.2109375,-24.6290486701
9302.34375,-25.8841596058
9388.4765625,-25.3209154555
9474.609375,-25.5279254038
9560.7421875,-27.4629542306
9646.875,-25.2462791532
9733.0078125,-26.718743677
9819.140625,-26.9820419124
9905.2734375,-28.6170586562
9991.40625,-26.6570488912
10077.5390625,-26.3991869121
10163.671875,-25.1564144468
10249.8046875,-24.8974368206
10335.9375,-25.3512422301
10422.0703125,-24.3303680185
10508.203125,-25.1324535938
10594.3359375,-29.3109803415
10680.46875,-28.9197205949
10766.6015625,-27.5907766779
10852.734375,-27.6076751282
10938.8671875,-26.0086654646
11025.0,-22.0087558535
11111.1328125,-21.0561453572
11197.265625,-20.8643880577
11283.3984375,-21.1583165697
11369.53125,-21.3402393582
11455.6640625,-21.2618447505
11541.796875,-25.8962653547
11627.9296875,-20.7942204746
11714.0625,-21.8071702942
11800.1953125,-22.1688622044
11886.328125,-25.4219580566
11972.4609375,-22.6250146026
12058.59375,-23.5830995825
12144.7265625,-23.7549110821
12230.859375,-28.1661143656
12316.9921875,-26.2639142272
12403.125,-26.175648644
12489.2578125,-26.5140056571
12575.390625,-30.5216521765
12661.5234375,-29.7976932374
12747.65625,-30.6602332862
12833.7890625,-30.9936324838
12919.921875,-30.9895965379
13006.0546875,-30.5478205473
13092.1875,-31.068870237
13178.3203125,-30.5770095375
13264.453125,-28.4816116655
13350.5859375,-27.6784759262
13436.71875,-27.6509772022
13522.8515625,-28.7455061242
13608.984375,-28.560209844
13695.1171875,-30.8754976247
13781.25,-27.1023386255
13867.3828125,-27.31426733
13953.515625,-30.0400534583
14039.6484375,-30.14006048
14125.78125,-28.0637390665
14211.9140625,-25.7188862431
14298.046875,-28.4428997641
14384.1796875,-29.5844995521
14470.3125,-29.9130834523
14556.4453125,-27.8239338632
14642.578125,-30.1031365841
14728.7109375,-33.5126373214
14814.84375,-31.6115142032
14900.9765625,-31.4031647011
14987.109375,-31.8890030364
15073.2421875,-31.1661819696
15159.375,-30.2082881518
15245.5078125,-31.1876525427
15331.640625,-32.093263623
15417.7734375,-32.298153494
15503.90625,-31.0398905384
15590.0390625,-29.3737645502
15676.171875,-31.4610636591
15762.3046875,-32.4012989529
15848.4375,-39.3659640271
15934.5703125,-41.6660954602
16020.703125,-41.4931245293
16106.8359375,-41.4952425323
16192.96875,-41.4271214605
16279.1015625,-42.3404556176
16365.234375,-42.022502455
16451.3671875,-41.7438967161
16537.5,-41.8664979202
16623.6328125,-42.6970532032
16709.765625,-42.8840431632
16795.8984375,-42.105556114
16882.03125,-42.228795565
16968.1640625,-42.020872573
17054.296875,-41.7367488746
17140.4296875,-41.576155326
17226.5625,-41.5660347623
17312.6953125,-42.3696403985
17398.828125,-41.9496626045
17484.9609375,-41.4645485941
17571.09375,-40.9240211129
17657.2265625,-41.1408928932
17743.359375,-42.2022597182
17829.4921875,-41.5836063015
17915.625,-41.6686080936
18001.7578125,-42.4526119275
18087.890625,-42.5032322
18174.0234375,-42.1157052864
18260.15625,-42.0711465616
18346.2890625,-41.8118145475
18432.421875,-41.9416347675
18518.5546875,-42.0548730321
18604.6875,-42.2894591831
18690.8203125,-42.0497148029
18776.953125,-41.5891333044
18863.0859375,-41.507119942
18949.21875,-41.8409275121
19035.3515625,-41.4253987967
19121.484375,-41.8091924454
19207.6171875,-42.0905464206
19293.75,-42.4746532061
19379.8828125,-42.243397423
19466.015625,-41.661929247
19552.1484375,-41.6082464482
19638.28125,-42.5258488851
19724.4140625,-42.4585522758
19810.546875,-41.7958687511
19896.6796875,-42.1869443745
19982.8125,-41.9063840394
20068.9453125,-41.5329700896
20155.078125,-41.6802291317
20241.2109375,-41.6592639936
20327.34375,-42.1400116949
20413.4765625,-42.4366398627
20499.609375,-41.6008250667
20585.7421875,-41.9883117918
20671.875,-42.9358342133
20758.0078125,-42.1817735178
20844.140625,-41.7298618133
20930.2734375,-41.2394984519
21016.40625,-41.9780712794
21102.5390625,-41.9214250466
21188.671875,-42.1489495318
21274.8046875,-42.5135537337
21360.9375,-42.7258043915
21447.0703125,-42.9076965829
21533.203125,-42.4079278421
21619.3359375,-42.8810736816
21705.46875,-42.8497764009
21791.6015625,-42.8299749115
21877.734375,-42.3610480791
21963.8671875,-42.4570799707
22050.0,-43.7664107805
