background
0.0,-13.3028926299
86.1328125,-11.6525051469
172.265625,-13.0233566064
258.3984375,-13.0810365697
344.53125,-12.5314793501
430.6640625,-13.9083925499
516.796875,-16.1675477914
602.9296875,-16.8959167143
689.0625,-16.296488705
775.1953125,-18.1704571106
861.328125,-22.7342843966
947.4609375,-22.816240353
1033.59375,-23.407071923
1119.7265625,-23.1841114761
1205.859375,-20.738637652
1291.9921875,-18.4602954852
1378.125,-19.3092903676
1464.2578125,-22.2405080155
1550.390625,-23.6553756572
1636.5234375,-25.7111770321
1722.65625,-27.2498338405
1808.7890625,-24.2815751629
1894.921875,-21.708545238
1981.0546875,-22.2491233037
2067.1875,-25.8882859348
2153.3203125,-26.3618413966
2239.453125,-27.2108522789
2325.5859375,-25.632531092
2411.71875,-24.8021061329
2497.8515625,-27.9969513668
2583.984375,-31.6658927208
2670.1171875,-32.5273739534
2756.25,-32.9620668232
2842.3828125,-33.2918594198
2928.515625,-33.5396899696
3014.6484375,-33.3298904122
3100.78125,-33.0077690176
3186.9140625,-33.6403477053
3273.046875,-33.0672653302
3359.1796875,-32.9285451887
3445.3125,-32.9784579851
3531.4453125,-32.2917998449
3617.578125,-31.9961976659
3703.7109375,-31.3521518018
3789.84375,-31.8321867276
3875.9765625,-32.6561494703
3962.109375,-32.0267310336
4048.2421875,-30.8124572548
4134.375,-29.3816787689
4220.5078125,-28.5415859106
4306.640625,-28.3964791513
4392.7734375,-27.1631027842
4478.90625,-27.5952603907
4565.0390625,-29.5134579445
4651.171875,-29.7252045879
4737.3046875,-29.8408534285
4823.4375,-30.6336086521
4909.5703125,-30.8020173398
4995.703125,-32.0032055478
5081.8359375,-31.3370094393
5167.96875,-30.0733294897
5254.1015625,-28.8816463319
5340.234375,-28.8234484177
5426.3671875,-30.5200956344
5512.5,-30.0214856412
5598.6328125,-29.8654936936
5684.765625,-30.0522141393
5770.8984375,-30.1957223426
5857.03125,-30.0563785702
5943.1640625,-29.2849268172
6029.296875,-29.9961300371
6115.4296875,-30.1032519442
6201.5625,-30.5779616278
6287.6953125,-31.4727535044
6373.828125,-31.1010929873
6459.9609375,-31.1079734523
6546.09375,-31.6121778128
6632.2265625,-31.6490688314
6718.359375,-32.7005222148
6804.4921875,-32.5945285218
6890.625,-33.2732174985
6976.7578125,-32.9145838175
7062.890625,-32.1526249482
7149.0234375,-32.4831076943
7235.15625,-31.598500855
7321.2890625,-29.0520602297
7407.421875,-28.0461440642
7493.5546875,-28.293876771
7579.6875,-29.0163961071
7665.8203125,-29.0945652972
7751.953125,-29.32788353
7838.0859375,-30.7500984227
7924.21875,-29.9424346957
8010.3515625,-30.2210359581
8096.484375,-32.454655865
8182.6171875,-32.902014107
8268.75,-31.4984834701
8354.8828125,-29.5003662406
8441.015625,-27.9360558467
8527.1484375,-27.7067249982
8613.28125,-27.4212205577
8699.4140625,-27.9309640018
8785.546875,-29.1242632679
8871.6796875,-28.3891841997
8957.8125,-28.7308014309
9043.9453125,-29.2492178387
9130.078125,-29.2642500602
9216.2109375,-29.9933858996
9302.34375,-31.437283317
9388.4765625,-30.8749935745
9474.609375,-31.7377631295
9560.7421875,-32.4447478961
9646.875,-33.4214477504
9733.0078125,-32.7672286836
9819.140625,-33.1488491187
9905.2734375,-33.5311502308
9991.40625,-34.2184390442
10077.5390625,-34.986591414
10163.671875,-34.1771556557
10249.8046875,-33.4622721042
10335.9375,-31.1690457114
10422.0703125,-29.8803499815
10508.203125,-29.422772091
10594.3359375,-28.8921250799
10680.46875,-28.4185979197
10766.6015625,-28.1442567076
10852.734375,-28.6970395592
10938.8671875,-29.3401098765
11025.0,-28.8743187587
11111.1328125,-29.0964094723
11197.265625,-28.8038595923
11283.3984375,-29.0673425191
11369.53125,-30.2794916142
11455.6640625,-31.0736977853
11541.796875,-32.4151881563
11627.9296875,-32.6817532244
11714.0625,-31.7009400011
11800.1953125,-31.2952048348
11886.328125,-30.9614187581
11972.4609375,-30.7525474128
12058.59375,-32.0138915793
12144.7265625,-33.0048327901
12230.859375,-34.0979190391
12316.9921875,-33.6629973499
12403.125,-33.2746681438
12489.2578125,-33.7759399402
12575.390625,-34.16011725
12661.5234375,-34.6088168044
12747.65625,-34.4465272761
12833.7890625,-34.2332283908
12919.921875,-34.2090181558
13006.0546875,-34.5295711045
13092.1875,-34.6872738022
13178.3203125,-35.0875519506
13264.453125,-35.5300921223
13350.5859375,-34.6462799472
13436.71875,-34.6141210745
13522.8515625,-34.4832142558
13608.984375,-35.7120055735
13695.1171875,-35.3549191932
13781.25,-35.5660452241
13867.3828125,-34.5465397286
13953.515625,-34.4638342245
14039.6484375,-34.6160145356
14125.78125,-33.7972153086
14211.9140625,-32.7268606507
14298.046875,-32.6057331661
14384.1796875,-33.1885186641
14470.3125,-34.0448765878
14556.4453125,-34.2943444377
14642.578125,-34.2399925552
14728.7109375,-34.3864510994
14814.84375,-33.9595253835
14900.9765625,-34.1205807267
14987.109375,-34.125272546
15073.2421875,-33.9322566963
15159.375,-34.2193536233
15245.5078125,-33.5103767984
15331.640625,-33.7317782014
15417.7734375,-34.0762153768
15503.90625,-34.0870413875
15590.0390625,-34.5123393011
15676.171875,-35.3524318235
15762.3046875,-37.5457104213
15848.4375,-41.8404437131
15934.5703125,-42.1582117886
16020.703125,-41.6456306992
16106.8359375,-41.6205779638
16192.96875,-42.6289584949
16279.1015625,-42.8362431474
16365.234375,-41.9487344358
16451.3671875,-41.6438300514
16537.5,-41.6735390751
16623.6328125,-41.5958918139
16709.765625,-42.3611327501
16795.8984375,-42.3989510394
16882.03125,-42.6796020133
16968.1640625,-41.9903017718
17054.296875,-41.7838186139
17140.4296875,-42.0495426884
17226.5625,-42.5760554332
17312.6953125,-42.5078830735
17398.828125,-42.0987803463
17484.9609375,-41.9187651015
17571.09375,-41.8005798329
17657.2265625,-41.4503590996
17743.359375,-41.6351012818
17829.4921875,-41.9237236402
17915.625,-41.8178382002
18001.7578125,-42.416747439
18087.890625,-42.8282319811
18174.0234375,-42.2794231657
18260.15625,-41.7908375022
18346.2890625,-40.9182443211
18432.421875,-41.1843293972
18518.5546875,-41.945822366
18604.6875,-42.4178329317
18690.8203125,-41.6597636193
18776.953125,-42.0811759367
18863.0859375,-41.8152189512
18949.21875,-42.4526839296
19035.3515625,-42.4633249211
19121.484375,-41.2514410594
19207.6171875,-41.4151761949
19293.75,-41.7702052289
19379.8828125,-41.8599731123
19466.015625,-41.3374215098
19552.1484375,-41.7978044606
19638.28125,-41.8736949382
19724.4140625,-42.1877794898
19810.546875,-42.7761161843
19896.6796875,-42.5668125591
19982.8125,-41.690896951
20068.9453125,-40.9696232754
20155.078125,-41.0451757015
20241.2109375,-41.6409676118
20327.34375,-41.9290692111
20413.4765625,-42.4298874761
20499.609375,-41.8967002114
20585.7421875,-41.5188723605
20671.875,-41.7648752521
20758.0078125,-41.3028736213
20844.140625,-41.4700229177
20930.2734375,-41.3789259047
21016.40625,-41.89167057
21102.5390625,-41.9922660131
21188.671875,-41.3408104335
21274.8046875,-41.5206651372
21360.9375,-41.4900209143
21447.0703125,-41.4536264703
21533.203125,-41.7267134325
21619.3359375,-41.7379774072
21705.46875,-41.8312221744
21791.6015625,-41.7879962254
21877.734375,-41.8755149312
21963.8671875,-42.3662714991
22050.0,-43.9255944333
