background
0.0,-21.7564687731
86.1328125,-16.854200075
172.265625,-15.2180700355
258.3984375,-15.6558843912
344.53125,-16.4934700865
430.6640625,-16.6865536225
516.796875,-16.6889859648
602.9296875,-18.6333131633
689.0625,-19.9423293556
775.1953125,-20.5478596357
861.328125,-20.2581414791
947.4609375,-20.3956303416
1033.59375,-20.7067783843
1119.7265625,-20.7119807984
1205.859375,-20.7936621424
1291.9921875,-20.1192113668
1378.125,-20.7312206457
1464.2578125,-21.2616060973
1550.390625,-20.9887468948
1636.5234375,-21.4816255168
1722.65625,-21.0773368666
1808.7890625,-21.1856974557
1894.921875,-21.0504964384
1981.0546875,-21.1861377194
2067.1875,-21.3273148194
2153.3203125,-21.6547352738
2239.453125,-22.9538724573
2325.5859375,-24.2407034984
2411.71875,-24.6131625618
2497.8515625,-24.4603151448
2583.984375,-23.7515316623
2670.1171875,-24.3839378633
2756.25,-24.153452159
2842.3828125,-23.7627614623
2928.515625,-24.3525211798
3014.6484375,-23.9485539007
3100.78125,-23.135686062
3186.9140625,-22.9596089164
3273.046875,-24.0776456352
3359.1796875,-24.8234714353
3445.3125,-24.4693266245
3531.4453125,-24.5104545104
3617.578125,-24.1987980412
3703.7109375,-24.4444705178
3789.84375,-24.5379260073
3875.9765625,-24.5384346527
3962.109375,-25.1531215682
4048.2421875,-24.5870397933
4134.375,-24.3009312647
4220.5078125,-24.4960154952
4306.640625,-24.4207277753
4392.7734375,-24.7357233653
4478.90625,-24.8573072902
4565.0390625,-24.8683494429
4651.171875,-23.9605194193
4737.3046875,-24.0798224297
4823.4375,-25.2303636688
4909.5703125,-25.5978613454
4995.703125,-25.607925986
5081.8359375,-25.5603560238
5167.96875,-24.7357690793
5254.1015625,-24.6009699823
5340.234375,-24.9789157072
5426.3671875,-24.6955071149
5512.5,-24.4964909955
5598.6328125,-24.6805512734
5684.765625,-24.1792787568
5770.8984375,-23.3318395587
5857.03125,-22.9211772253
5943.1640625,-23.365254379
6029.296875,-24.849290233
6115.4296875,-24.3917365
6201.5625,-24.135608789
6287.6953125,-24.9161765708
6373.828125,-25.3355690759
6459.9609375,-24.5986615985
6546.09375,-24.8932544594
6632.2265625,-25.4520299775
6718.359375,-25.2872648051
6804.4921875,-25.2539835959
6890.625,-25.8758036863
6976.7578125,-25.8833329322
7062.890625,-26.7690043907
7149.0234375,-26.0730575615
7235.15625,-26.1309990573
7321.2890625,-26.8071765246
7407.421875,-27.1093591846
7493.5546875,-26.8545900263
7579.6875,-26.6896679921
7665.8203125,-26.9568847756
7751.953125,-27.1766690287
7838.0859375,-26.9370306699
7924.21875,-26.5955626841
8010.3515625,-26.9043232444
8096.484375,-27.2160230312
8182.6171875,-28.1273577625
8268.75,-27.5727653825
8354.8828125,-27.6369943804
8441.015625,-27.3599321049
8527.1484375,-27.0858066341
8613.28125,-26.8643460395
8699.4140625,-27.2579454145
8785.546875,-27.4444728302
8871.6796875,-27.4387064712
8957.8125,-28.3195464482
9043.9453125,-28.231641226
9130.078125,-27.4789936949
9216.2109375,-27.1913973725
9302.34375,-26.7203702322
9388.4765625,-27.1681676479
9474.609375,-27.2986031166
9560.7421875,-27.5044402761
9646.875,-27.3931214732
9733.0078125,-27.3466589434
9819.140625,-27.9378698434
9905.2734375,-27.9408472658
9991.40625,-28.1386396487
10077.5390625,-28.5314905042
10163.671875,-28.2391130207
10249.8046875,-28.3995646642
10335.9375,-28.7954631782
10422.0703125,-29.1818382812
10508.203125,-29.0566085853
10594.3359375,-29.3006406836
10680.46875,-29.0412919091
10766.6015625,-28.8550951999
10852.734375,-28.1918751264
10938.8671875,-28.5405254764
11025.0,-28.8906018834
11111.1328125,-28.0669651628
11197.265625,-28.4335814972
11283.3984375,-28.3253994641
11369.53125,-29.0236041281
11455.6640625,-29.2809673327
11541.796875,-29.2766074141
11627.9296875,-29.8836293642
11714.0625,-29.7739909636
11800.1953125,-29.3161578347
11886.328125,-29.6095572192
11972.4609375,-29.6347375411
12058.59375,-29.4926180892
12144.7265625,-29.5076196336
12230.859375,-29.6627539731
12316.9921875,-29.6535095638
12403.125,-29.5861181282
12489.2578125,-29.7498818781
12575.390625,-29.2420443801
12661.5234375,-29.2719330315
12747.65625,-29.8437818124
12833.7890625,-30.2178589547
12919.921875,-29.9299960405
13006.0546875,-29.5411043381
13092.1875,-29.1860978456
13178.3203125,-29.1057363604
13264.453125,-29.3680857453
13350.5859375,-29.5819380385
13436.71875,-29.1137107071
13522.8515625,-29.0943595369
13608.984375,-29.7075847184
13695.1171875,-29.8814121349
13781.25,-29.8440280943
13867.3828125,-30.1376505837
13953.515625,-30.1298367873
14039.6484375,-30.1554883311
14125.78125,-30.3724151322
14211.9140625,-29.9961215812
14298.046875,-29.6550650356
14384.1796875,-29.5190644477
14470.3125,-29.8259110263
14556.4453125,-30.0199382156
14642.578125,-30.09187181
14728.7109375,-30.1243945072
14814.84375,-29.6213464562
14900.9765625,-29.7128312851
14987.109375,-29.6831616408
15073.2421875,-29.725647854
15159.375,-30.2773430086
15245.5078125,-30.3311690596
15331.640625,-29.4942546962
15417.7734375,-29.3794942608
15503.90625,-29.6185069332
15590.0390625,-29.3193528406
15676.171875,-29.3541252626
15762.3046875,-30.5574529949
15848.4375,-34.5519821599
15934.5703125,-40.4627185673
16020.703125,-41.4221241063
16106.8359375,-41.7704053193
16192.96875,-41.1632366089
16279.1015625,-41.4827763305
16365.234375,-41.7028226677
16451.3671875,-41.8588143969
16537.5,-41.95808175
16623.6328125,-42.0288099828
16709.765625,-41.949806638
16795.8984375,-41.9022551393
16882.03125,-42.3203312818
16968.1640625,-42.3511477078
17054.296875,-42.040526002
17140.4296875,-41.9368235021
17226.5625,-42.5001841185
17312.6953125,-41.8660867464
17398.828125,-41.6702244857
17484.9609375,-42.5907173273
17571.09375,-42.4529498406
17657.2265625,-42.1976087672
17743.359375,-42.2690738287
17829.4921875,-41.5246761291
17915.625,-41.2552061502
18001.7578125,-41.6034008449
18087.890625,-42.3878659279
18174.0234375,-41.897329535
18260.15625,-41.3996274474
18346.2890625,-41.1486307506
18432.421875,-41.1696099562
18518.5546875,-41.4438830473
18604.6875,-42.1763355007
18690.8203125,-42.1494725555
18776.953125,-41.5618869382
18863.0859375,-42.5231856341
18949.21875,-41.8932502782
19035.3515625,-42.0173743184
19121.484375,-41.3567157073
19207.6171875,-41.5575948178
19293.75,-42.0824714044
19379.8828125,-41.9487001012
19466.015625,-41.1018985434
19552.1484375,-40.9282125962
19638.28125,-41.4392648993
19724.4140625,-41.6392940568
19810.546875,-42.3210298167
19896.6796875,-41.8888817477
19982.8125,-41.9466979695
20068.9453125,-42.0929227896
20155.078125,-41.8433296653
20241.2109375,-41.2892291045
20327.34375,-41.5324805
20413.4765625,-41.8742351487
20499.609375,-41.9330250297
20585.7421875,-41.9399614704
20671.875,-42.7249912319
20758.0078125,-41.9031610437
20844.140625,-41.6319843552
20930.2734375,-42.1202414627
21016.40625,-42.0289752591
21102.5390625,-41.2851950791
21188.671875,-41.2824292279
21274.8046875,-41.9806633298
21360.9375,-42.2124156812
21447.0703125,-41.400224898
21533.203125,-41.7966502662
21619.3359375,-42.0322541215
21705.46875,-42.0259462292
21791.6015625,-42.2396160393
21877.734375,-42.2177143968
21963.8671875,-42.0787095194
22050.0,-44.1773689318
