background
0.0,-12.7881503355
86.1328125,-11.5449397704
172.265625,-13.4249390943
258.3984375,-13.5171536663
344.53125,-12.7073185875
430.6640625,-14.6763884614
516.796875,-16.6561406537
602.9296875,-15.6745238703
689.0625,-15.0140897973
775.1953125,-17.8133195216
861.328125,-22.8635163855
947.4609375,-22.5506687167
1033.59375,-24.032619202
1119.7265625,-23.5253060315
1205.859375,-21.4389905933
1291.9921875,-18.589644425
1378.125,-19.1123106307
1464.2578125,-21.8817054498
1550.390625,-23.5631112779
1636.5234375,-25.8544479633
1722.65625,-26.9916123413
1808.7890625,-23.9605022901
1894.921875,-21.1889341896
1981.0546875,-21.1816571115
2067.1875,-23.5358435423
2153.3203125,-25.2541284399
2239.453125,-26.0927670169
2325.5859375,-25.5221015316
2411.71875,-25.8712159503
2497.8515625,-29.6220675944
2583.984375,-31.9378510056
2670.1171875,-33.1847608489
2756.25,-33.4794854411
2842.3828125,-33.4571225528
2928.515625,-33.9071130857
3014.6484375,-34.1476184088
3100.78125,-34.01625816
3186.9140625,-33.3353897072
3273.046875,-33.19026516
3359.1796875,-33.6718043744
3445.3125,-33.6130900216
3531.4453125,-32.8192560591
3617.578125,-31.9540340423
3703.7109375,-31.9569959605
3789.84375,-31.9620349719
3875.9765625,-32.2043319111
3962.109375,-33.0100125279
4048.2421875,-31.3389424878
4134.375,-30.1462834064
4220.5078125,-30.004930975
4306.640625,-30.0896338291
4392.7734375,-29.4609092541
4478.90625,-29.3193961948
4565.0390625,-30.3795867211
4651.171875,-29.1516758935
4737.3046875,-29.7766752097
4823.4375,-31.092355206
4909.5703125,-31.4587244611
4995.703125,-32.6217639248
5081.8359375,-32.6696509552
5167.96875,-31.1452269782
5254.1015625,-29.8129443868
5340.234375,-30.201915904
5426.3671875,-30.8679342771
5512.5,-30.6676267904
5598.6328125,-31.8635413457
5684.765625,-31.2942657343
5770.8984375,-31.0446271221
5857.03125,-31.1236844474
5943.1640625,-32.1763483754
6029.296875,-32.5453179278
6115.4296875,-32.1300293335
6201.5625,-32.2770917877
6287.6953125,-32.19923477
6373.828125,-31.147630982
6459.9609375,-31.7460224583
6546.09375,-32.0941660665
6632.2265625,-32.4972188552
6718.359375,-33.022971816
6804.4921875,-33.2746111362
6890.625,-34.4586932606
6976.7578125,-34.2200669343
7062.890625,-34.0484956494
7149.0234375,-34.153918488
7235.15625,-33.4188083565
7321.2890625,-31.4469415509
7407.421875,-30.3545142754
7493.5546875,-29.1765689191
7579.6875,-28.9442064831
7665.8203125,-29.8519191103
7751.953125,-31.4488656696
7838.0859375,-31.3676767659
7924.21875,-30.9507002657
8010.3515625,-31.5587939241
8096.484375,-32.311141476
8182.6171875,-33.2959085065
8268.75,-33.4418735678
8354.8828125,-31.4332343091
8441.015625,-30.0749633856
8527.1484375,-30.0222056447
8613.28125,-30.6477923421
8699.4140625,-32.0222254087
8785.546875,-31.9881406304
8871.6796875,-31.7473099357
8957.8125,-30.9668043831
9043.9453125,-29.8778503456
9130.078125,-29.6818968893
9216.2109375,-30.6578411963
9302.34375,-31.3527427605
9388.4765625,-31.0228491348
9474.609375,-31.2981704762
9560.7421875,-32.3135111172
9646.875,-32.8245517374
9733.0078125,-33.5817524017
9819.140625,-34.3024633957
9905.2734375,-34.5474865788
9991.40625,-34.47683564
10077.5390625,-34.3982795535
10163.671875,-34.7243795278
10249.8046875,-34.2006727317
10335.9375,-33.90767332
10422.0703125,-33.6453052932
10508.203125,-32.7670899077
10594.3359375,-31.9087967117
10680.46875,-31.6374560611
10766.6015625,-30.8413438158
10852.734375,-30.0643849925
10938.8671875,-29.7016760269
11025.0,-30.3837571937
11111.1328125,-30.8146615288
11197.265625,-30.7203162294
11283.3984375,-31.4385578086
11369.53125,-32.385844192
11455.6640625,-32.0498504317
11541.796875,-32.3931599505
11627.9296875,-33.5593560404
11714.0625,-34.5499767433
11800.1953125,-33.7285907956
11886.328125,-32.7745443852
11972.4609375,-32.5880023077
12058.59375,-33.4464190757
12144.7265625,-33.7591754037
12230.859375,-33.8668056458
12316.9921875,-34.386142389
12403.125,-34.3592414767
12489.2578125,-34.2396383921
12575.390625,-34.2036522988
12661.5234375,-35.0838846599
12747.65625,-35.2012118194
12833.7890625,-34.6753232152
12919.921875,-34.5266198612
13006.0546875,-34.5205301342
13092.1875,-34.6370447522
13178.3203125,-34.6564940782
13264.453125,-34.9351903877
13350.5859375,-35.2657226067
13436.71875,-35.0145418944
13522.8515625,-34.4156278969
13608.984375,-34.4891636909
13695.1171875,-35.1682497525
13781.25,-35.1594360211
13867.3828125,-34.6884148546
13953.515625,-34.5213106732
14039.6484375,-34.6453332938
14125.78125,-34.6763780547
14211.9140625,-34.1677211129
14298.046875,-34.7993928599
14384.1796875,-35.4423568745
14470.3125,-34.5338759397
14556.4453125,-35.6489192371
14642.578125,-35.9835554457
14728.7109375,-35.3760280144
14814.84375,-35.0129029057
14900.9765625,-35.5894303389
14987.109375,-35.3903598709
15073.2421875,-34.7879239063
15159.375,-34.9235311505
15245.5078125,-35.5891411216
15331.640625,-35.3482165896
15417.7734375,-35.158980022
15503.90625,-35.3195496188
15590.0390625,-35.3854861136
15676.171875,-35.7526773398
15762.3046875,-37.3962528977
15848.4375,-41.4622960999
15934.5703125,-41.8953953111
16020.703125,-42.2849849739
16106.8359375,-41.9924319197
16192.96875,-41.8909760549
16279.1015625,-41.4490966774
16365.234375,-42.5226649597
16451.3671875,-42.3757065286
16537.5,-41.9602745487
16623.6328125,-41.9201779596
16709.765625,-41.2322844719
16795.8984375,-41.4443433122
16882.03125,-41.773465485
16968.1640625,-41.9401517131
17054.296875,-42.4228402283
17140.4296875,-41.699889201
17226.5625,-41.5409770614
17312.6953125,-41.3758006066
17398.828125,-41.1163570966
17484.9609375,-41.8239204559
17571.09375,-41.520551774
17657.2265625,-41.5946792019
17743.359375,-41.9688588871
17829.4921875,-42.02043542
17915.625,-42.0389391906
18001.7578125,-41.4255155878
18087.890625,-42.4468711843
18174.0234375,-42.3313364673
18260.15625,-41.5592583173
18346.2890625,-41.3139189481
18432.421875,-41.3774218189
18518.5546875,-41.352299451
18604.6875,-41.2949538557
18690.8203125,-42.0284056618
18776.953125,-42.1147915952
18863.0859375,-41.8787206612
18949.21875,-41.8085301939
19035.3515625,-41.6962848093
19121.484375,-41.4090991112
19207.6171875,-41.820108616
19293.75,-41.69084866
19379.8828125,-41.3565894413
19466.015625,-41.5004718566
19552.1484375,-41.6791584721
19638.28125,-42.2951591409
19724.4140625,-41.2385448596
19810.546875,-42.012921026
19896.6796875,-42.357063985
19982.8125,-41.9360021842
20068.9453125,-41.6951644486
20155.078125,-41.3033883959
20241.2109375,-41.9427663032
20327.34375,-41.5851772738
20413.4765625,-41.2180358853
20499.609375,-41.6449485549
20585.7421875,-41.6661561657
20671.875,-41.3707601613
20758.0078125,-41.301564867
20844.140625,-41.5284453061
20930.2734375,-41.6361149858
21016.40625,-41.8243413539
21102.5390625,-41.7687239012
21188.671875,-41.9751675345
21274.8046875,-42.4961721482
21360.9375,-42.2455774895
21447.0703125,-42.1992942481
21533.203125,-41.6911080551
21619.3359375,-42.5840981169
21705.46875,-42.5217278438
21791.6015625,-41.6770144616
21877.734375,-41.6389244743
21963.8671875,-41.8807261257
22050.0,-43.5183255239
