bark
0.0,-7.04062105618
86.1328125,-5.88728958019
172.265625,-5.74678257907
258.3984375,-6.56261480184
344.53125,-5.2666863311
430.6640625,-4.50722793119
516.796875,-5.18190461212
602.9296875,-4.28214386417
689.0625,-4.48106534351
775.1953125,-5.15244550251
861.328125,-6.07112374895
947.4609375,-7.79306466986
1033.59375,-8.59992818981
1119.7265625,-8.75370216773
1205.859375,-9.02819072359
1291.9921875,-9.23488978787
1378.125,-9.21680948385
1464.2578125,-9.41865905563
1550.390625,-10.7655816153
1636.5234375,-11.1692479642
1722.65625,-10.6515715182
1808.7890625,-10.4014552942
1894.921875,-10.0571779721
1981.0546875,-10.8842494327
2067.1875,-11.0022528654
2153.3203125,-11.2937207597
2239.453125,-11.172976609
2325.5859375,-11.0445322363
2411.71875,-11.0068915542
2497.8515625,-11.0279412779
2583.984375,-11.9383511308
2670.1171875,-11.8338250589
2756.25,-11.4021131782
2842.3828125,-11.2038748064
2928.515625,-11.4317403094
3014.6484375,-10.5761293583
3100.78125,-9.52102366028
3186.9140625,-9.28668147527
3273.046875,-9.70274270444
3359.1796875,-10.3452824819
3445.3125,-11.2349185701
3531.4453125,-11.8584317383
3617.578125,-11.9732996943
3703.7109375,-11.9075124279
3789.84375,-11.4129201073
3875.9765625,-11.3109787614
3962.109375,-12.390426053
4048.2421875,-13.5262416608
4134.375,-12.9660735824
4220.5078125,-13.0932401824
4306.640625,-13.0751975332
4392.7734375,-12.9133507135
4478.90625,-12.9215326845
4565.0390625,-12.8985085472
4651.171875,-13.6009727166
4737.3046875,-13.816297806
4823.4375,-13.1887688629
4909.5703125,-12.2046120019
4995.703125,-11.8168137722
5081.8359375,-12.6396294513
5167.96875,-13.1015430522
5254.1015625,-12.9725420979
5340.234375,-13.1107566882
5426.3671875,-14.0652686461
5512.5,-15.6611444336
5598.6328125,-16.7152550955
5684.765625,-18.1536202793
5770.8984375,-20.6855419912
5857.03125,-25.2800994863
5943.1640625,-29.2942197737
6029.296875,-31.3606014119
6115.4296875,-32.1787457638
6201.5625,-33.1869179485
6287.6953125,-33.8250588371
6373.828125,-34.7494029862
6459.9609375,-35.5295380655
6546.09375,-36.4830294974
6632.2265625,-37.1159374206
6718.359375,-38.2903246936
6804.4921875,-38.7437392145
6890.625,-39.3294843201
6976.7578125,-39.7141767066
7062.890625,-40.3221724514
7149.0234375,-40.8769216524
7235.15625,-41.0256023044
7321.2890625,-41.1516930065
7407.421875,-41.3072658314
7493.5546875,-41.2400340661
7579.6875,-41.0426205739
7665.8203125,-40.8672758738
7751.953125,-41.8642267907
7838.0859375,-42.211205103
7924.21875,-41.4929541463
8010.3515625,-42.4154854367
8096.484375,-41.9665810986
8182.6171875,-41.9317944241
8268.75,-42.1578857422
8354.8828125,-41.8493927987
8441.015625,-41.2725581891
8527.1484375,-41.941357825
8613.28125,-41.684804672
8699.4140625,-42.0570439921
8785.546875,-42.2965501119
8871.6796875,-42.5095765705
8957.8125,-42.0418393436
9043.9453125,-41.2455844317
9130.078125,-41.497673782
9216.2109375,-42.1895768328
9302.34375,-42.0009504734
9388.4765625,-40.9652732608
9474.609375,-41.246707593
9560.7421875,-41.5157741732
9646.875,-40.9915017584
9733.0078125,-40.9631048607
9819.140625,-40.37386942
9905.2734375,-39.6991925134
9991.40625,-39.1526125152
10077.5390625,-38.5170241101
10163.671875,-38.4936462774
10249.8046875,-38.7896033301
10335.9375,-37.9850139794
10422.0703125,-37.6058916462
10508.203125,-38.1521802158
10594.3359375,-38.0745800607
10680.46875,-38.5939021996
10766.6015625,-38.0120095456
10852.734375,-37.6241199341
10938.8671875,-38.119060898
11025.0,-38.3318832845
11111.1328125,-38.1823159024
11197.265625,-38.5713439568
11283.3984375,-38.659080241
11369.53125,-38.0852102233
11455.6640625,-37.6981285218
11541.796875,-38.0701942994
11627.9296875,-38.1165436502
11714.0625,-39.2205490721
11800.1953125,-39.2515712306
11886.328125,-38.1708825751
11972.4609375,-38.7944485914
12058.59375,-39.4625706449
12144.7265625,-39.2592025901
12230.859375,-38.6577432502
12316.9921875,-38.9580759537
12403.125,-39.7319742844
12489.2578125,-40.0228460022
12575.390625,-40.3863865035
12661.5234375,-39.8900295623
12747.65625,-39.7516061756
12833.7890625,-39.6945341222
12919.921875,-39.3900648617
13006.0546875,-39.5232458185
13092.1875,-39.472193594
13178.3203125,-39.5381604169
13264.453125,-39.883761337
13350.5859375,-39.754863288
13436.71875,-39.9775171198
13522.8515625,-39.8967356625
13608.984375,-40.2447455631
13695.1171875,-40.0627128113
13781.25,-39.9277114933
13867.3828125,-40.5119912754
13953.515625,-39.4876617208
14039.6484375,-39.4540764305
14125.78125,-39.7671417691
14211.9140625,-39.7321100388
14298.046875,-39.327328158
14384.1796875,-39.5583201139
14470.3125,-39.9873677612
14556.4453125,-39.8268269945
14642.578125,-39.7999979909
14728.7109375,-39.6930376253
14814.84375,-40.0651290881
14900.9765625,-40.397455021
14987.109375,-40.1682623992
15073.2421875,-39.9120170901
15159.375,-39.8702998556
15245.5078125,-40.0325940013
15331.640625,-39.6607190863
15417.7734375,-39.8881616141
15503.90625,-40.3855871565
15590.0390625,-40.408303048
15676.171875,-40.6375546383
15762.3046875,-40.6325543784
15848.4375,-41.0059689772
15934.5703125,-39.7773657532
16020.703125,-40.1102689506
16106.8359375,-40.6205187201
16192.96875,-40.5110314334
16279.1015625,-40.5844286022
16365.234375,-41.0423801076
16451.3671875,-40.0261841668
16537.5,-40.036263951
16623.6328125,-40.5120938884
16709.765625,-40.5368209256
16795.8984375,-40.5727922974
16882.03125,-40.6849605538
16968.1640625,-41.4162939173
17054.296875,-41.264716268
17140.4296875,-40.83368108
17226.5625,-40.9898785804
17312.6953125,-41.2080280538
17398.828125,-41.1123543973
17484.9609375,-41.315924458
17571.09375,-42.0813937647
17657.2265625,-42.2326609936
17743.359375,-42.537693186
17829.4921875,-42.6134933668
17915.625,-42.7896847572
18001.7578125,-41.937140184
18087.890625,-41.6848703752
18174.0234375,-41.2916091714
18260.15625,-41.9370654471
18346.2890625,-41.2017004527
18432.421875,-40.9235322247
18518.5546875,-41.3097811354
18604.6875,-41.5840513467
18690.8203125,-41.3734502471
18776.953125,-41.6577247267
18863.0859375,-42.5324130109
18949.21875,-41.9795643943
19035.3515625,-41.8482164672
19121.484375,-41.7316343161
19207.6171875,-40.9615407825
19293.75,-41.0051943019
19379.8828125,-41.6028183338
19466.015625,-41.5670791949
19552.1484375,-41.6715730862
19638.28125,-41.2012589575
19724.4140625,-41.1206249632
19810.546875,-41.7298076772
19896.6796875,-41.7915681334
19982.8125,-42.1177405034
20068.9453125,-42.0453619652
20155.078125,-42.4030879031
20241.2109375,-41.8272663701
20327.34375,-41.5453835916
20413.4765625,-41.6157886447
20499.609375,-41.7825552757
20585.7421875,-41.7353864399
20671.875,-41.9356708987
20758.0078125,-41.7600569071
20844.140625,-41.5898188937
20930.2734375,-41.4758277811
21016.40625,-41.2743058049
21102.5390625,-41.4458372347
21188.671875,-41.9496979798
21274.8046875,-41.7081169025
21360.9375,-42.3817746907
21447.0703125,-42.0244670482
21533.203125,-41.963028949
21619.3359375,-42.6320598694
21705.46875,-41.910437193
21791.6015625,-41.2003035634
21877.734375,-41.5744162718
21963.8671875,-41.7246026388
22050.0,-43.7293225027
