bark
0.0,-13.6726205089
86.1328125,-10.1430500252
172.265625,-8.19339971266
258.3984375,-5.44613831724
344.53125,-3.95594118473
430.6640625,-4.28034444788
516.796875,-4.53203434634
602.9296875,-4.54251101267
689.0625,-5.38980087364
775.1953125,-6.92665963287
861.328125,-8.40106025926
947.4609375,-7.11548780442
1033.59375,-6.74014185917
1119.7265625,-7.80437836193
1205.859375,-10.7465348353
1291.9921875,-11.6320108739
1378.125,-12.560230626
1464.2578125,-12.3692100662
1550.390625,-13.4773550533
1636.5234375,-12.8088178693
1722.65625,-12.7923511835
1808.7890625,-12.597467759
1894.921875,-12.5056436843
1981.0546875,-11.5363663183
2067.1875,-12.9173427839
2153.3203125,-15.0465420855
2239.453125,-15.1203473541
2325.5859375,-15.5363499534
2411.71875,-15.503045366
2497.8515625,-14.2643285254
2583.984375,-13.5951326116
2670.1171875,-13.7717477828
2756.25,-15.4323943834
2842.3828125,-16.4343232948
2928.515625,-16.3192530869
3014.6484375,-16.0540505144
3100.78125,-17.0226290566
3186.9140625,-18.3910444314
3273.046875,-19.5988192561
3359.1796875,-21.0383794153
3445.3125,-21.9817908337
3531.4453125,-21.9324080918
3617.578125,-21.2529146437
3703.7109375,-20.7683052797
3789.84375,-21.606137094
3875.9765625,-22.293806008
3962.109375,-20.9517672954
4048.2421875,-20.6542671587
4134.375,-20.3473400725
4220.5078125,-18.8162331658
4306.640625,-17.1961895651
4392.7734375,-15.4600411185
4478.90625,-14.9320119798
4565.0390625,-14.5487234925
4651.171875,-13.9140223667
4737.3046875,-14.2944923526
4823.4375,-13.2964375274
4909.5703125,-13.1923512687
4995.703125,-13.6606585766
5081.8359375,-13.9535007428
5167.96875,-12.9635170136
5254.1015625,-13.0229756573
5340.234375,-13.2933789245
5426.3671875,-14.7439729361
5512.5,-14.7240624696
5598.6328125,-14.9773759657
5684.765625,-15.0028889049
5770.8984375,-15.0273447661
5857.03125,-16.818056057
5943.1640625,-18.0355228452
6029.296875,-17.7417754672
6115.4296875,-16.5662988994
6201.5625,-16.1554873588
6287.6953125,-15.7408600823
6373.828125,-16.2523726716
6459.9609375,-17.0949632211
6546.09375,-17.285855623
6632.2265625,-18.1362398161
6718.359375,-18.4368259037
6804.4921875,-18.9616553166
6890.625,-19.6021247957
6976.7578125,-18.9261388877
7062.890625,-18.6558521585
7149.0234375,-19.0189481315
7235.15625,-17.3491569557
7321.2890625,-16.2376677642
7407.421875,-16.7072633616
7493.5546875,-17.3198015918
7579.6875,-18.067816676
7665.8203125,-18.3086816929
7751.953125,-17.9152455014
7838.0859375,-18.0265752435
7924.21875,-18.0726963525
8010.3515625,-18.7240921575
8096.484375,-19.8153046654
8182.6171875,-20.8650214577
8268.75,-20.1849459035
8354.8828125,-20.2391525489
8441.015625,-21.0326213628
8527.1484375,-21.172885721
8613.28125,-21.078097631
8699.4140625,-21.057648737
8785.546875,-21.0544771291
8871.6796875,-21.6720513638
8957.8125,-21.7545135923
9043.9453125,-21.8694599161
9130.078125,-22.1087639088
9216.2109375,-21.7036608532
9302.34375,-21.8032056684
9388.4765625,-21.274575473
9474.609375,-19.8604496111
9560.7421875,-20.1192281076
9646.875,-20.0655620314
9733.0078125,-20.3125014301
9819.140625,-21.1159391311
9905.2734375,-21.198992222
9991.40625,-21.655351272
10077.5390625,-21.916106663
10163.671875,-21.1222213426
10249.8046875,-21.1764158245
10335.9375,-20.2771453188
10422.0703125,-20.3702262029
10508.203125,-20.3575343688
10594.3359375,-20.2661409748
10680.46875,-18.4744397077
10766.6015625,-18.6215784941
10852.734375,-19.632851197
10938.8671875,-19.7787283012
11025.0,-19.3772885392
11111.1328125,-19.7942534102
11197.265625,-20.363757258
11283.3984375,-21.0196835379
11369.53125,-21.6928458694
11455.6640625,-21.4707199702
11541.796875,-21.7371696101
11627.9296875,-21.3330520926
11714.0625,-21.8365792384
11800.1953125,-22.3988079767
11886.328125,-22.6755516049
11972.4609375,-23.2203006427
12058.59375,-23.408886288
12144.7265625,-23.3865145099
12230.859375,-22.4518877334
12316.9921875,-22.374695088
12403.125,-22.3963231137
12489.2578125,-22.8282510206
12575.390625,-22.6959325315
12661.5234375,-24.0822545491
12747.65625,-23.8930894285
12833.7890625,-24.248194779
12919.921875,-23.4223619997
13006.0546875,-23.0879772254
13092.1875,-23.6992405649
13178.3203125,-23.3412399688
13264.453125,-22.9980963267
13350.5859375,-23.5491230161
13436.71875,-24.8885395529
13522.8515625,-24.2410110865
13608.984375,-24.9639818399
13695.1171875,-25.5587940922
13781.25,-25.6196179058
13867.3828125,-24.693369772
13953.515625,-25.0191765648
14039.6484375,-26.8921197618
14125.78125,-26.7844300147
14211.9140625,-26.1200214909
14298.046875,-24.8403086032
14384.1796875,-24.9676581382
14470.3125,-24.2293094423
14556.4453125,-24.4815171211
14642.578125,-25.9283589711
14728.7109375,-26.1224190117
14814.84375,-26.5814730183
14900.9765625,-26.2514913168
14987.109375,-26.115929568
15073.2421875,-26.9878019346
15159.375,-27.3847452654
15245.5078125,-25.2749966996
15331.640625,-25.5536194126
15417.7734375,-26.4316839719
15503.90625,-26.5208911743
15590.0390625,-26.654008534
15676.171875,-27.4760527658
15762.3046875,-29.1468437145
15848.4375,-33.1342051953
15934.5703125,-38.7562598448
16020.703125,-40.8954990987
16106.8359375,-41.5473537647
16192.96875,-41.7192907334
16279.1015625,-41.4648225348
16365.234375,-41.1875060758
16451.3671875,-42.0652049101
16537.5,-41.9396570497
16623.6328125,-41.5231807949
16709.765625,-42.2715454807
16795.8984375,-42.9919106726
16882.03125,-42.0137689951
16968.1640625,-42.0268963306
17054.296875,-42.5327166227
17140.4296875,-41.8540401159
17226.5625,-41.3153800251
17312.6953125,-41.5781219392
17398.828125,-42.5867900904
17484.9609375,-42.3869404959
17571.09375,-41.5571206071
17657.2265625,-40.9233828541
17743.359375,-41.1404344164
17829.4921875,-41.4284205249
17915.625,-41.271452088
18001.7578125,-41.1375200863
18087.890625,-41.3211432423
18174.0234375,-41.6336418789
18260.15625,-41.8769000928
18346.2890625,-41.4257205482
18432.421875,-41.058358764
18518.5546875,-41.4826989257
18604.6875,-41.9854560195
18690.8203125,-42.8018723031
18776.953125,-42.4763541801
18863.0859375,-41.3115788681
18949.21875,-41.865589293
19035.3515625,-41.9752356107
19121.484375,-42.0819227621
19207.6171875,-42.206372193
19293.75,-42.3142724014
19379.8828125,-41.6432183137
19466.015625,-42.2713574357
19552.1484375,-42.3442838528
19638.28125,-41.5390006286
19724.4140625,-41.2855841695
19810.546875,-41.4427680638
19896.6796875,-42.5038259087
19982.8125,-42.1104751562
20068.9453125,-41.8651095072
20155.078125,-41.9635665551
20241.2109375,-41.3518332451
20327.34375,-41.9669449961
20413.4765625,-41.5322717285
20499.609375,-41.8048513255
20585.7421875,-41.7968550421
20671.875,-41.1269801204
20758.0078125,-42.16683624
20844.140625,-42.3850464262
20930.2734375,-41.882251526
21016.40625,-41.7763784496
21102.5390625,-41.759682784
21188.671875,-41.7725970559
21274.8046875,-42.0850532425
21360.9375,-42.2685325902
21447.0703125,-41.8544242899
21533.203125,-41.6149324632
21619.3359375,-41.7363509186
21705.46875,-42.3208032887
21791.6015625,-42.2572939353
21877.734375,-41.7608521806
21963.8671875,-41.4992314331
22050.0,-43.0632323659
