bark
0.0,-13.8114964739
86.1328125,-10.9205898836
172.265625,-8.3940315719
258.3984375,-5.90270252976
344.53125,-5.12175451588
430.6640625,-4.69956549173
516.796875,-4.05328398355
602.9296875,-4.62618366755
689.0625,-6.50535956223
775.1953125,-8.23205071074
861.328125,-10.0473098024
947.4609375,-7.56909205064
1033.59375,-6.75613085879
1119.7265625,-7.49895656665
1205.859375,-8.96443320458
1291.9921875,-9.14939122513
1378.125,-10.0886120339
1464.2578125,-10.4320853346
1550.390625,-10.9275108935
1636.5234375,-9.55310068931
1722.65625,-10.8746919626
1808.7890625,-12.0499381043
1894.921875,-11.5923722681
1981.0546875,-11.8500143956
2067.1875,-12.3505380894
2153.3203125,-14.3858610039
2239.453125,-15.1685538989
2325.5859375,-15.5879051341
2411.71875,-16.2420725912
2497.8515625,-15.7282735867
2583.984375,-14.8941693816
2670.1171875,-15.2949507569
2756.25,-17.8278719364
2842.3828125,-17.9937766836
2928.515625,-18.7802818929
3014.6484375,-20.0722243957
3100.78125,-20.5057221611
3186.9140625,-20.1173781103
3273.046875,-21.7350509795
3359.1796875,-23.5194090863
3445.3125,-24.6159998945
3531.4453125,-25.5172168222
3617.578125,-25.0677175283
3703.7109375,-22.8735940318
3789.84375,-21.2762778874
3875.9765625,-19.4969398794
3962.109375,-19.8477039219
4048.2421875,-21.5668097226
4134.375,-20.3827440207
4220.5078125,-19.3905470661
4306.640625,-18.8490349919
4392.7734375,-17.631468416
4478.90625,-17.3918080957
4565.0390625,-16.494228482
4651.171875,-15.300026078
4737.3046875,-13.9794333166
4823.4375,-13.2909679078
4909.5703125,-13.8317671403
4995.703125,-14.8916011431
5081.8359375,-15.4012858358
5167.96875,-15.2266530235
5254.1015625,-16.7292708887
5340.234375,-18.9171398743
5426.3671875,-18.9426994563
5512.5,-18.9267310193
5598.6328125,-17.333830959
5684.765625,-17.7901363616
5770.8984375,-17.3477258683
5857.03125,-17.9464987999
5943.1640625,-20.3562881758
6029.296875,-18.9309162219
6115.4296875,-17.9766839943
6201.5625,-19.3312953946
6287.6953125,-21.1005027827
6373.828125,-19.2591590277
6459.9609375,-19.1892992677
6546.09375,-19.3423264881
6632.2265625,-20.1706389126
6718.359375,-21.02575377
6804.4921875,-19.8110861345
6890.625,-20.0442177237
6976.7578125,-21.0509403677
7062.890625,-19.7643175788
7149.0234375,-20.038857761
7235.15625,-20.1712533321
7321.2890625,-18.2995757887
7407.421875,-17.8215160371
7493.5546875,-18.56117852
7579.6875,-20.0966756972
7665.8203125,-20.3128325033
7751.953125,-21.0080770086
7838.0859375,-21.6206439771
7924.21875,-21.4148862073
8010.3515625,-20.9022488909
8096.484375,-21.0865145242
8182.6171875,-21.3664856039
8268.75,-21.4557342606
8354.8828125,-21.867828304
8441.015625,-22.4331940688
8527.1484375,-23.5609882819
8613.28125,-24.6842096101
8699.4140625,-24.6319166152
8785.546875,-24.5973476621
8871.6796875,-25.6692079646
8957.8125,-26.6438250596
9043.9453125,-26.2382698322
9130.078125,-26.6594943812
9216.2109375,-27.3528152012
9302.34375,-26.1008331635
9388.4765625,-24.4832535917
9474.609375,-25.8061876319
9560.7421875,-25.9138958114
9646.875,-25.2119935138
9733.0078125,-26.2864725308
9819.140625,-24.6805504186
9905.2734375,-23.7745117859
9991.40625,-24.1681519826
10077.5390625,-23.9036855571
10163.671875,-23.4217921617
10249.8046875,-23.2198571649
10335.9375,-21.8343216572
10422.0703125,-21.8023351926
10508.203125,-21.9420852311
10594.3359375,-21.8513828864
10680.46875,-21.1467288235
10766.6015625,-20.8254860253
10852.734375,-21.8453326945
10938.8671875,-22.0102260759
11025.0,-21.8257230635
11111.1328125,-22.8653110278
11197.265625,-22.6693922318
11283.3984375,-23.6588476993
11369.53125,-23.8446611138
11455.6640625,-23.6909133217
11541.796875,-24.8157274455
11627.9296875,-26.032235229
11714.0625,-26.1505723668
11800.1953125,-26.8802423213
11886.328125,-26.9460054729
11972.4609375,-27.0212276835
12058.59375,-27.2000788166
12144.7265625,-28.6794224042
12230.859375,-27.8444421377
12316.9921875,-26.0468517824
12403.125,-25.8434453235
12489.2578125,-26.1778517029
12575.390625,-26.1506008801
12661.5234375,-25.8997270725
12747.65625,-25.0485854318
12833.7890625,-25.6520988278
12919.921875,-26.5540984197
13006.0546875,-27.7587318862
13092.1875,-27.1477646243
13178.3203125,-27.0343792294
13264.453125,-26.9146467975
13350.5859375,-26.7561332062
13436.71875,-27.3884134732
13522.8515625,-27.9924584963
13608.984375,-27.4025467009
13695.1171875,-27.6571314261
13781.25,-28.3167704123
13867.3828125,-28.3109785525
13953.515625,-28.5340666515
14039.6484375,-28.9414450475
14125.78125,-29.1196644881
14211.9140625,-29.1159719879
14298.046875,-29.8670366793
14384.1796875,-29.7035928988
14470.3125,-29.3589110549
14556.4453125,-29.171882585
14642.578125,-29.5894431832
14728.7109375,-29.3465430497
14814.84375,-29.1826015536
14900.9765625,-29.9126730164
14987.109375,-30.748496876
15073.2421875,-28.5124791241
15159.375,-29.5109405136
15245.5078125,-31.5745877186
15331.640625,-31.6832352089
15417.7734375,-32.0190986321
15503.90625,-31.7464932365
15590.0390625,-32.1453485142
15676.171875,-32.0164941547
15762.3046875,-33.5277115363
15848.4375,-39.8212991505
15934.5703125,-41.7836220972
16020.703125,-41.801139684
16106.8359375,-41.7168528531
16192.96875,-42.2910842695
16279.1015625,-41.7811528923
16365.234375,-41.7491549758
16451.3671875,-42.0608696016
16537.5,-41.7148376077
16623.6328125,-41.8979119035
16709.765625,-41.8504314747
16795.8984375,-41.4690846779
16882.03125,-41.9046934025
16968.1640625,-42.0820127264
17054.296875,-41.7851612468
17140.4296875,-42.1033151633
17226.5625,-42.0305300851
17312.6953125,-41.769268914
17398.828125,-41.7467329099
17484.9609375,-41.8436164999
17571.09375,-41.549811607
17657.2265625,-42.357644135
17743.359375,-42.1386202455
17829.4921875,-42.0308628767
17915.625,-41.3781482473
18001.7578125,-41.621171933
18087.890625,-42.0472941773
18174.0234375,-42.387119334
18260.15625,-41.6882079823
18346.2890625,-40.9437568394
18432.421875,-40.709629965
18518.5546875,-41.58486764
18604.6875,-41.6211901396
18690.8203125,-41.261876312
18776.953125,-41.2206771379
18863.0859375,-41.5549131055
18949.21875,-41.7355733326
19035.3515625,-41.616915346
19121.484375,-41.7920243275
19207.6171875,-42.3018148282
19293.75,-41.6366395576
19379.8828125,-42.0943324239
19466.015625,-42.1020071902
19552.1484375,-41.7657408595
19638.28125,-41.7434084797
19724.4140625,-42.13975046
19810.546875,-42.0248579307
19896.6796875,-41.5440643223
19982.8125,-41.807825923
20068.9453125,-42.7725514058
20155.078125,-41.7083221063
20241.2109375,-41.5511439431
20327.34375,-41.9201926409
20413.4765625,-41.8664194558
20499.609375,-41.7659746805
20585.7421875,-41.4832212639
20671.875,-42.1644059371
20758.0078125,-41.9439543158
20844.140625,-41.8576241965
20930.2734375,-41.8744286818
21016.40625,-41.6778353473
21102.5390625,-41.2334070239
21188.671875,-41.4955069368
21274.8046875,-41.5023229814
21360.9375,-42.2393930285
21447.0703125,-42.1264796952
21533.203125,-42.0498584295
21619.3359375,-42.4036730553
21705.46875,-42.1984317408
21791.6015625,-41.8555504995
21877.734375,-42.0798139162
21963.8671875,-41.6985551441
22050.0,-42.839935436
