bark
0.0,-9.85191740435
86.1328125,-10.2566812376
172.265625,-10.1879150897
258.3984375,-8.36170905319
344.53125,-7.13353859192
430.6640625,-5.28024846549
516.796875,-4.87156984706
602.9296875,-6.53568455316
689.0625,-7.66389833993
775.1953125,-6.85244017085
861.328125,-5.98851000213
947.4609375,-4.57621183257
1033.59375,-4.59806608769
1119.7265625,-6.2121418156
1205.859375,-6.17340838285
1291.9921875,-6.27450110669
1378.125,-6.51976357203
1464.2578125,-5.32708449047
1550.390625,-5.65224116012
1636.5234375,-7.44664940927
1722.65625,-7.55246943676
1808.7890625,-6.4707716706
1894.921875,-5.86354214901
1981.0546875,-6.02742721454
2067.1875,-7.16861306009
2153.3203125,-10.5160046353
2239.453125,-11.266211268
2325.5859375,-11.067526787
2411.71875,-11.3751215256
2497.8515625,-12.9923015813
2583.984375,-15.1287750434
2670.1171875,-15.5976619297
2756.25,-14.5602500991
2842.3828125,-13.9281478997
2928.515625,-12.8055964321
3014.6484375,-12.5890453947
3100.78125,-14.2398555069
3186.9140625,-15.4049240226
3273.046875,-15.2735038617
3359.1796875,-15.4075482757
3445.3125,-16.4721520262
3531.4453125,-16.2653185862
3617.578125,-15.6220978805
3703.7109375,-15.9224795001
3789.84375,-15.6439120882
3875.9765625,-15.5980610508
3962.109375,-14.5852414756
4048.2421875,-13.664556283
4134.375,-13.7904378625
4220.5078125,-13.9823174187
4306.640625,-13.7221791261
4392.7734375,-13.8833908956
4478.90625,-13.3143577987
4565.0390625,-13.3862244065
4651.171875,-11.9886144801
4737.3046875,-12.3063075046
4823.4375,-13.1493731338
4909.5703125,-13.2386121608
4995.703125,-14.1106781497
5081.8359375,-14.5764147505
5167.96875,-14.9251894755
5254.1015625,-14.5413996076
5340.234375,-14.8219414651
5426.3671875,-15.2899493763
5512.5,-15.3883684337
5598.6328125,-15.1541195952
5684.765625,-15.025993584
5770.8984375,-15.6449274919
5857.03125,-14.8405220866
5943.1640625,-14.3503760697
6029.296875,-14.435783373
6115.4296875,-15.3815753057
6201.5625,-16.1044996464
6287.6953125,-17.3736586385
6373.828125,-16.5252346043
6459.9609375,-16.5542938858
6546.09375,-16.6669312422
6632.2265625,-16.8533358285
6718.359375,-18.1338202076
6804.4921875,-19.2826242253
6890.625,-19.7398952536
6976.7578125,-20.2826892986
7062.890625,-21.0555314265
7149.0234375,-21.5702655793
7235.15625,-21.9865980301
7321.2890625,-22.0463640673
7407.421875,-22.3679971831
7493.5546875,-21.3906464866
7579.6875,-21.7117055225
7665.8203125,-22.8126540526
7751.953125,-22.4395386246
7838.0859375,-21.2716800077
7924.21875,-20.9529203342
8010.3515625,-20.4517368344
8096.484375,-21.4174350751
8182.6171875,-22.2821588481
8268.75,-21.5165941501
8354.8828125,-22.254454826
8441.015625,-22.7806508421
8527.1484375,-22.6891829618
8613.28125,-22.2073084661
8699.4140625,-21.675735205
8785.546875,-20.9104301063
8871.6796875,-20.1100271922
8957.8125,-20.8054068856
9043.9453125,-23.1231397557
9130.078125,-23.9114418924
9216.2109375,-24.0939098851
9302.34375,-22.7393465896
9388.4765625,-22.1808663983
9474.609375,-22.9229227231
9560.7421875,-23.8044926453
9646.875,-23.7042844281
9733.0078125,-24.0429221859
9819.140625,-24.4815910996
9905.2734375,-23.5188443455
9991.40625,-23.4010687645
10077.5390625,-23.9653884348
10163.671875,-23.4778190424
10249.8046875,-23.4234998655
10335.9375,-23.5170942416
10422.0703125,-23.7880947717
10508.203125,-24.1143980873
10594.3359375,-23.2197867494
10680.46875,-22.6375013518
10766.6015625,-22.4562625835
10852.734375,-21.6159891822
10938.8671875,-20.9752766845
11025.0,-22.042670261
11111.1328125,-22.3007691824
11197.265625,-22.7859037075
11283.3984375,-23.4563034403
11369.53125,-23.7608651564
11455.6640625,-24.1252518996
11541.796875,-23.4438768487
11627.9296875,-22.3240372015
11714.0625,-23.4281568019
11800.1953125,-24.7873280182
11886.328125,-25.3440810435
11972.4609375,-25.0879676882
12058.59375,-25.7091175967
12144.7265625,-25.0058451343
12230.859375,-25.6052132782
12316.9921875,-25.9298311051
12403.125,-26.5407652254
12489.2578125,-26.1975101652
12575.390625,-25.4529684094
12661.5234375,-26.1097325213
12747.65625,-26.2678176844
12833.7890625,-25.7599778042
12919.921875,-25.2681774936
13006.0546875,-24.9995481535
13092.1875,-24.0051736288
13178.3203125,-23.4368249625
13264.453125,-24.2998161294
13350.5859375,-24.9575011939
13436.71875,-25.0192873325
13522.8515625,-25.7465363257
13608.984375,-24.9766157149
13695.1171875,-26.062682108
13781.25,-26.1572216252
13867.3828125,-26.3279720431
13953.515625,-26.796206012
14039.6484375,-26.1383145184
14125.78125,-25.6685330162
14211.9140625,-25.5548057439
14298.046875,-25.9354401894
14384.1796875,-26.7320082258
14470.3125,-26.5776195403
14556.4453125,-26.5507355121
14642.578125,-26.4281992646
14728.7109375,-26.4131407251
14814.84375,-27.0834697476
14900.9765625,-26.9753413784
14987.109375,-27.1518191283
15073.2421875,-27.1882331173
15159.375,-26.9806899832
15245.5078125,-27.0367136916
15331.640625,-27.2224776827
15417.7734375,-27.1460153928
15503.90625,-28.9794222251
15590.0390625,-34.9619889925
15676.171875,-41.5727444325
15762.3046875,-41.9752951962
15848.4375,-41.9417436184
15934.5703125,-42.0986042887
16020.703125,-42.2786270558
16106.8359375,-42.7174046371
16192.96875,-43.181576052
16279.1015625,-42.9013210307
16365.234375,-42.7716737068
16451.3671875,-42.3249135057
16537.5,-42.2401375281
16623.6328125,-41.5278960432
16709.765625,-41.2983626602
16795.8984375,-41.7317886506
16882.03125,-41.27528087
16968.1640625,-41.0149057913
17054.296875,-41.5079821446
17140.4296875,-42.3963219943
17226.5625,-41.7674737348
17312.6953125,-41.6521622429
17398.828125,-41.6630822683
17484.9609375,-41.7850486706
17571.09375,-41.90336303
17657.2265625,-41.5678475982
17743.359375,-42.3098835225
17829.4921875,-42.0463262558
17915.625,-42.0580491554
18001.7578125,-41.7757847934
18087.890625,-41.7387429623
18174.0234375,-41.6283731423
18260.15625,-41.9776574495
18346.2890625,-42.0797713631
18432.421875,-42.0066065497
18518.5546875,-41.7612760086
18604.6875,-41.9127993888
18690.8203125,-42.4621747981
18776.953125,-42.0327262641
18863.0859375,-41.209705758
18949.21875,-41.4837031421
19035.3515625,-41.6212339019
19121.484375,-41.6244052663
19207.6171875,-41.6670802481
19293.75,-41.5997286251
19379.8828125,-41.634713771
19466.015625,-41.1564761272
19552.1484375,-41.7537671838
19638.28125,-41.8881568267
19724.4140625,-41.4448303363
19810.546875,-41.1687082321
19896.6796875,-41.5371893497
19982.8125,-42.4142772167
20068.9453125,-42.2154232729
20155.078125,-41.7224465571
20241.2109375,-42.0304449203
20327.34375,-42.424967613
20413.4765625,-42.255810037
20499.609375,-41.9243393884
20585.7421875,-42.0802888834
20671.875,-41.6067163645
20758.0078125,-42.3116547515
20844.140625,-41.7840807187
20930.2734375,-41.3972377379
21016.40625,-41.5814956219
21102.5390625,-41.430012879
21188.671875,-41.5678648305
21274.8046875,-41.5686457368
21360.9375,-42.0598425629
21447.0703125,-42.4067062093
21533.203125,-42.3214841922
21619.3359375,-41.711261277
21705.46875,-42.2374796582
21791.6015625,-43.0512985009
21877.734375,-42.8006092143
21963.8671875,-42.1496210768
22050.0,-43.7598257691
