bark
0.0,-14.9648802004
86.1328125,-11.4865417487
172.265625,-8.43798674664
258.3984375,-6.64208715597
344.53125,-4.93868346956
430.6640625,-4.5263391532
516.796875,-5.09017643063
602.9296875,-4.72805630549
689.0625,-5.01845479405
775.1953125,-5.9712618373
861.328125,-8.27374270007
947.4609375,-10.933060066
1033.59375,-9.81081620938
1119.7265625,-8.13039586172
1205.859375,-7.08905995141
1291.9921875,-7.30696182842
1378.125,-9.49745689897
1464.2578125,-10.0695627549
1550.390625,-9.99596679956
1636.5234375,-10.6474569562
1722.65625,-12.407727941
1808.7890625,-13.716799259
1894.921875,-13.0926284663
1981.0546875,-13.5302762743
2067.1875,-15.7844898326
2153.3203125,-17.7514988411
2239.453125,-20.0206147955
2325.5859375,-20.1804000031
2411.71875,-20.3260761607
2497.8515625,-18.9823015393
2583.984375,-19.1563483228
2670.1171875,-18.9780041822
2756.25,-18.5512067305
2842.3828125,-19.1569265589
2928.515625,-21.3757961582
3014.6484375,-22.5402014393
3100.78125,-22.1710012258
3186.9140625,-19.9393589857
3273.046875,-20.2223166891
3359.1796875,-21.8561126651
3445.3125,-23.2181839883
3531.4453125,-25.0323646903
3617.578125,-25.4874700635
3703.7109375,-26.0033222882
3789.84375,-25.0511747638
3875.9765625,-22.4027611541
3962.109375,-22.016496738
4048.2421875,-23.7710328714
4134.375,-25.1461367403
4220.5078125,-26.518117269
4306.640625,-27.2358652039
4392.7734375,-27.3493457546
4478.90625,-25.2030542747
4565.0390625,-23.6387825703
4651.171875,-23.7843974275
4737.3046875,-24.7056542556
4823.4375,-22.0036040053
4909.5703125,-20.4305270891
4995.703125,-21.0907636186
5081.8359375,-22.5085084606
5167.96875,-20.7664529035
5254.1015625,-19.2150761181
5340.234375,-18.1458685134
5426.3671875,-17.9631125302
5512.5,-17.2501021559
5598.6328125,-16.2388577447
5684.765625,-15.7120458182
5770.8984375,-15.549650747
5857.03125,-14.5637987226
5943.1640625,-14.4984293072
6029.296875,-14.5890436634
6115.4296875,-15.6206532225
6201.5625,-15.7095520594
6287.6953125,-15.9458422138
6373.828125,-16.4077137361
6459.9609375,-16.0001841431
6546.09375,-16.4699000101
6632.2265625,-18.2686213293
6718.359375,-19.726336755
6804.4921875,-19.2151584438
6890.625,-19.9442615605
6976.7578125,-19.8926315804
7062.890625,-19.3637787588
7149.0234375,-20.1124137129
7235.15625,-20.4966479381
7321.2890625,-20.4596113012
7407.421875,-20.8422225953
7493.5546875,-21.802658743
7579.6875,-20.1931786157
7665.8203125,-18.4221158503
7751.953125,-17.7050174478
7838.0859375,-16.750013567
7924.21875,-17.1165682885
8010.3515625,-17.6762572375
8096.484375,-18.9936685316
8182.6171875,-20.0485311319
8268.75,-20.5011778379
8354.8828125,-22.1017241979
8441.015625,-23.6496848957
8527.1484375,-24.7817345068
8613.28125,-26.2977867011
8699.4140625,-26.3095403325
8785.546875,-26.4711071724
8871.6796875,-24.9670727456
8957.8125,-23.7725872074
9043.9453125,-22.1506504913
9130.078125,-19.8370133362
9216.2109375,-19.1240837015
9302.34375,-18.6901242998
9388.4765625,-19.1924422137
9474.609375,-19.8175471724
9560.7421875,-20.5310670528
9646.875,-20.5514630265
9733.0078125,-20.4536313642
9819.140625,-20.4578420735
9905.2734375,-20.3390485782
9991.40625,-20.4615526281
10077.5390625,-20.8816558056
10163.671875,-22.6803695663
10249.8046875,-22.6638857731
10335.9375,-22.5016430902
10422.0703125,-21.7799379587
10508.203125,-21.8155154356
10594.3359375,-21.9006909057
10680.46875,-21.7068901293
10766.6015625,-22.0392004888
10852.734375,-21.9761560227
10938.8671875,-21.5380561796
11025.0,-20.8768109015
11111.1328125,-21.8472165189
11197.265625,-23.4554347494
11283.3984375,-22.3973011317
11369.53125,-21.2271823898
11455.6640625,-21.3290976053
11541.796875,-22.3078958293
11627.9296875,-22.0132938664
11714.0625,-22.2744652717
11800.1953125,-21.3398554311
11886.328125,-22.2983061192
11972.4609375,-22.4000485982
12058.59375,-20.9915155509
12144.7265625,-21.1148522023
12230.859375,-21.2541031539
12316.9921875,-21.4027437144
12403.125,-20.1106075418
12489.2578125,-19.1454144442
12575.390625,-19.6794312253
12661.5234375,-21.1336827559
12747.65625,-20.8109173058
12833.7890625,-20.9484632412
12919.921875,-22.3547912938
13006.0546875,-22.7751309457
13092.1875,-22.6084386827
13178.3203125,-24.1178055305
13264.453125,-25.0235466828
13350.5859375,-25.0981225444
13436.71875,-25.3772205294
13522.8515625,-26.4287981686
13608.984375,-27.1090963367
13695.1171875,-26.9723396041
13781.25,-27.2308711672
13867.3828125,-27.8492166764
13953.515625,-27.2094792163
14039.6484375,-25.2710108304
14125.78125,-24.611510228
14211.9140625,-26.0529484007
14298.046875,-25.7919915357
14384.1796875,-25.0794366711
14470.3125,-25.5116606079
14556.4453125,-25.4212221263
14642.578125,-25.3775387007
14728.7109375,-25.8660495874
14814.84375,-25.3161498112
14900.9765625,-25.5936072734
14987.109375,-26.6189269563
15073.2421875,-25.717682699
15159.375,-26.9678202536
15245.5078125,-26.6279998378
15331.640625,-26.7392821949
15417.7734375,-26.252039451
15503.90625,-26.3619994193
15590.0390625,-26.7936925784
15676.171875,-26.073197774
15762.3046875,-27.8454338369
15848.4375,-34.1222750126
15934.5703125,-40.3531412787
16020.703125,-41.0565751171
16106.8359375,-41.3852759466
16192.96875,-41.2085476684
16279.1015625,-41.4286689251
16365.234375,-41.5907323963
16451.3671875,-42.3292202392
16537.5,-42.0104191934
16623.6328125,-42.1257841841
16709.765625,-41.6171279713
16795.8984375,-42.1892548876
16882.03125,-41.974886848
16968.1640625,-41.6058366167
17054.296875,-41.8778460636
17140.4296875,-41.8545084532
17226.5625,-41.9939243043
17312.6953125,-41.8170903676
17398.828125,-41.7688070196
17484.9609375,-42.01958048
17571.09375,-41.7479815252
17657.2265625,-41.0455860596
17743.359375,-41.1988988391
17829.4921875,-41.2732331531
17915.625,-41.8820794399
18001.7578125,-41.6024476073
18087.890625,-41.2922770672
18174.0234375,-41.7427819141
18260.15625,-42.1515964906
18346.2890625,-41.8954631987
18432.421875,-42.3495108077
18518.5546875,-42.0149894889
18604.6875,-41.5693758618
18690.8203125,-41.6582859602
18776.953125,-42.3678539961
18863.0859375,-42.6299622191
18949.21875,-41.7667065404
19035.3515625,-41.4762869611
19121.484375,-41.6055880585
19207.6171875,-41.9549094036
19293.75,-41.3984516301
19379.8828125,-41.1855985569
19466.015625,-41.6264969079
19552.1484375,-42.0476345332
19638.28125,-41.5592401487
19724.4140625,-42.1806805665
19810.546875,-42.2426212587
19896.6796875,-41.7846873708
19982.8125,-41.5851619094
20068.9453125,-41.4418388335
20155.078125,-41.5650142662
20241.2109375,-41.8282971381
20327.34375,-42.3013339371
20413.4765625,-42.4003864978
20499.609375,-41.9154201146
20585.7421875,-42.1959817603
20671.875,-42.1269857344
20758.0078125,-41.9673401
20844.140625,-41.0422330035
20930.2734375,-41.1937300528
21016.40625,-41.3283049322
21102.5390625,-41.9639664492
21188.671875,-41.4133493042
21274.8046875,-41.4020857787
21360.9375,-42.4545287298
21447.0703125,-41.7832041094
21533.203125,-41.7679234509
21619.3359375,-41.6501754088
21705.46875,-41.727518598
21791.6015625,-42.3164871018
21877.734375,-42.618762926
21963.8671875,-42.382498497
22050.0,-43.4421035305
