bark
0.0,-12.9585565307
86.1328125,-13.6413135966
172.265625,-11.783313774
258.3984375,-11.4347769256
344.53125,-10.7417694136
430.6640625,-8.51427048657
516.796875,-9.08108012901
602.9296875,-10.1793022208
689.0625,-9.69977825592
775.1953125,-8.99060235011
861.328125,-7.20980828361
947.4609375,-6.44556545891
1033.59375,-6.88206474543
1119.7265625,-6.29693438916
1205.859375,-5.97205488345
1291.9921875,-6.31552340361
1378.125,-5.56955030769
1464.2578125,-4.68408395877
1550.390625,-3.38225011857
1636.5234375,-3.238619433
1722.65625,-4.22482698602
1808.7890625,-4.77834457487
1894.921875,-4.3433536302
1981.0546875,-4.80053524383
2067.1875,-6.17009947723
2153.3203125,-7.86952209581
2239.453125,-7.91946929698
2325.5859375,-8.83746917955
2411.71875,-8.7683943506
2497.8515625,-7.83803465771
2583.984375,-7.00559585727
2670.1171875,-6.97557617393
2756.25,-6.42727255095
2842.3828125,-5.73719455909
2928.515625,-6.78227605795
3014.6484375,-7.10634704414
3100.78125,-6.63349014425
3186.9140625,-6.87910704834
3273.046875,-7.25558951352
3359.1796875,-7.7811464231
3445.3125,-8.9269125739
3531.4453125,-11.7887283546
3617.578125,-11.0657011045
3703.7109375,-10.7143192576
3789.84375,-10.6361477514
3875.9765625,-10.6440279316
3962.109375,-11.2453010731
4048.2421875,-11.7439642064
4134.375,-12.1116750397
4220.5078125,-12.3857411733
4306.640625,-13.0125518667
4392.7734375,-12.1328945973
4478.90625,-11.7834727883
4565.0390625,-11.407723153
4651.171875,-11.4634287596
4737.3046875,-10.4546369803
4823.4375,-9.53540905591
4909.5703125,-10.4230393056
4995.703125,-13.5248541281
5081.8359375,-11.858686258
5167.96875,-11.4820746894
5254.1015625,-11.3346409745
5340.234375,-11.1611452173
5426.3671875,-10.6597438456
5512.5,-11.4569050624
5598.6328125,-12.1923868439
5684.765625,-11.9728858968
5770.8984375,-12.5088164825
5857.03125,-13.1314303505
5943.1640625,-12.0907772238
6029.296875,-12.4073093545
6115.4296875,-11.626866745
6201.5625,-11.5492034634
6287.6953125,-10.9876145891
6373.828125,-10.7237968462
6459.9609375,-10.9482563548
6546.09375,-11.8945093158
6632.2265625,-14.3951114507
6718.359375,-15.1249745837
6804.4921875,-13.6450963263
6890.625,-13.4704251917
6976.7578125,-14.2892351484
7062.890625,-13.8728192189
7149.0234375,-15.0457346629
7235.15625,-14.035996008
7321.2890625,-14.8328281499
7407.421875,-17.0674301815
7493.5546875,-17.4274326627
7579.6875,-17.0987620873
7665.8203125,-16.7848345697
7751.953125,-14.8200225774
7838.0859375,-13.9584972982
7924.21875,-13.0388107582
8010.3515625,-13.0757225886
8096.484375,-14.3084901328
8182.6171875,-13.7407328123
8268.75,-15.2057136398
8354.8828125,-16.5181493191
8441.015625,-16.4105681548
8527.1484375,-18.2405843778
8613.28125,-17.899794908
8699.4140625,-16.7963911358
8785.546875,-13.9999067994
8871.6796875,-13.6748121307
8957.8125,-12.8473807994
9043.9453125,-13.2773967895
9130.078125,-13.3223735971
9216.2109375,-14.1287731068
9302.34375,-14.6416109044
9388.4765625,-13.9613058658
9474.609375,-13.8787609184
9560.7421875,-12.5046596144
9646.875,-12.9355605853
9733.0078125,-15.133456488
9819.140625,-14.4941388817
9905.2734375,-15.9243907038
9991.40625,-14.9882993757
10077.5390625,-15.6852845414
10163.671875,-16.0529056093
10249.8046875,-15.8936910733
10335.9375,-16.2656489072
10422.0703125,-15.1037991495
10508.203125,-13.4521188827
10594.3359375,-12.7257901901
10680.46875,-12.7926930696
10766.6015625,-13.0442171107
10852.734375,-13.0417232298
10938.8671875,-12.2033662908
11025.0,-11.7211133281
11111.1328125,-10.2412417097
11197.265625,-9.71639476149
11283.3984375,-12.0970189115
11369.53125,-12.6811455676
11455.6640625,-12.9093360293
11541.796875,-14.840744301
11627.9296875,-13.243997828
11714.0625,-11.6694204786
11800.1953125,-12.1173969221
11886.328125,-12.5830365463
11972.4609375,-12.6763381407
12058.59375,-12.1403201588
12144.7265625,-12.0969661245
12230.859375,-11.8425748309
12316.9921875,-12.0275058664
12403.125,-11.4658165029
12489.2578125,-11.7155037715
12575.390625,-12.8899677737
12661.5234375,-13.3255789736
12747.65625,-13.2074407552
12833.7890625,-14.1150788936
12919.921875,-14.0274352596
13006.0546875,-13.9722876844
13092.1875,-15.7409066829
13178.3203125,-18.7281328466
13264.453125,-21.6070540343
13350.5859375,-17.5722028558
13436.71875,-15.6729868444
13522.8515625,-17.1531566043
13608.984375,-20.6526206404
13695.1171875,-20.059553288
13781.25,-20.4837996691
13867.3828125,-20.4290294193
13953.515625,-19.8158286104
14039.6484375,-19.1133096671
14125.78125,-16.8542486303
14211.9140625,-16.5546481451
14298.046875,-14.0382174761
14384.1796875,-13.1982265551
14470.3125,-15.5654750248
14556.4453125,-15.5219409402
14642.578125,-14.3155116346
14728.7109375,-15.8515371506
14814.84375,-17.3361015354
14900.9765625,-16.3522189018
14987.109375,-14.9187647027
15073.2421875,-13.9278594299
15159.375,-14.7292030664
15245.5078125,-15.2325283106
15331.640625,-15.0834261024
15417.7734375,-16.1107614411
15503.90625,-15.3198970295
15590.0390625,-15.4138760657
15676.171875,-15.6236772278
15762.3046875,-18.1750468803
15848.4375,-22.9530828618
15934.5703125,-28.776279756
16020.703125,-37.932422128
16106.8359375,-39.7660039284
16192.96875,-40.8010686263
16279.1015625,-41.1942713657
16365.234375,-41.7690071565
16451.3671875,-41.8417035826
16537.5,-41.6984161151
16623.6328125,-42.0763200774
16709.765625,-42.364873592
16795.8984375,-42.19620907
16882.03125,-41.6644616426
16968.1640625,-42.2608559444
17054.296875,-42.382848078
17140.4296875,-42.034074382
17226.5625,-41.9218677578
17312.6953125,-41.6366502643
17398.828125,-42.0770972905
17484.9609375,-41.4951100071
17571.09375,-40.6764794716
17657.2265625,-41.1880940304
17743.359375,-40.9924746087
17829.4921875,-40.9353451882
17915.625,-41.8568150392
18001.7578125,-42.4791581185
18087.890625,-42.0925446008
18174.0234375,-41.8323570551
18260.15625,-41.9437200178
18346.2890625,-42.44832928
18432.421875,-41.9627414055
18518.5546875,-41.796463431
18604.6875,-41.8573434233
18690.8203125,-40.9408627699
18776.953125,-40.8216726668
18863.0859375,-41.4057408757
18949.21875,-41.8738114437
19035.3515625,-42.4795836268
19121.484375,-42.5530935054
19207.6171875,-42.3242813194
19293.75,-42.0013501323
19379.8828125,-42.0575788308
19466.015625,-42.1062337186
19552.1484375,-42.3749549275
19638.28125,-41.8324095327
19724.4140625,-41.7859431445
19810.546875,-42.2450386666
19896.6796875,-41.7526658109
19982.8125,-41.2253122543
20068.9453125,-41.4218570968
20155.078125,-42.3196798009
20241.2109375,-42.3986196579
20327.34375,-42.3591859475
20413.4765625,-41.8400582671
20499.609375,-42.0415819728
20585.7421875,-41.6728401798
20671.875,-40.8606279197
20758.0078125,-41.1526133953
20844.140625,-41.448804417
20930.2734375,-42.1567465144
21016.40625,-41.7748321202
21102.5390625,-41.9494744208
21188.671875,-42.4961784034
21274.8046875,-42.0295321463
21360.9375,-41.462589777
21447.0703125,-41.9876575764
21533.203125,-41.7227900625
21619.3359375,-41.7526644345
21705.46875,-41.8239681531
21791.6015625,-41.290417656
21877.734375,-41.5743289982
21963.8671875,-42.0270355663
22050.0,-44.0375305716
