bark
0.0,-15.9267595883
86.1328125,-15.1050500441
172.265625,-13.0575228687
258.3984375,-9.46812947774
344.53125,-7.96747296883
430.6640625,-6.90572682389
516.796875,-7.72016907933
602.9296875,-8.43285616149
689.0625,-7.29602417601
775.1953125,-5.46184187318
861.328125,-4.52038537018
947.4609375,-5.2653882561
1033.59375,-7.98241112484
1119.7265625,-6.91149377989
1205.859375,-5.76190881319
1291.9921875,-5.09673335036
1378.125,-5.48256000252
1464.2578125,-6.06191252842
1550.390625,-5.63771737362
1636.5234375,-5.25374120576
1722.65625,-4.91956059569
1808.7890625,-5.36484734301
1894.921875,-5.55057228243
1981.0546875,-6.83262668463
2067.1875,-7.70221777664
2153.3203125,-8.32756089493
2239.453125,-11.039711905
2325.5859375,-9.94740201496
2411.71875,-9.06305518382
2497.8515625,-8.08537009209
2583.984375,-7.16265251812
2670.1171875,-6.93974495801
2756.25,-7.34919920788
2842.3828125,-7.8116744289
2928.515625,-7.18669060894
3014.6484375,-6.24215454501
3100.78125,-6.79703320229
3186.9140625,-10.5938349059
3273.046875,-10.5178829822
3359.1796875,-12.8382842883
3445.3125,-11.1336433879
3531.4453125,-11.2797679023
3617.578125,-13.2042853978
3703.7109375,-13.970944302
3789.84375,-12.8542443832
3875.9765625,-12.668015555
3962.109375,-14.344232368
4048.2421875,-15.942105412
4134.375,-13.9766540313
4220.5078125,-13.7725266131
4306.640625,-14.6183312254
4392.7734375,-13.8327847912
4478.90625,-14.8002767794
4565.0390625,-13.6714076507
4651.171875,-13.9742754241
4737.3046875,-16.0612018757
4823.4375,-14.6229396526
4909.5703125,-14.9210530585
4995.703125,-13.1631662505
5081.8359375,-14.4097342108
5167.96875,-13.0217536051
5254.1015625,-11.9066439889
5340.234375,-15.4743126919
5426.3671875,-13.5704009539
5512.5,-13.2414071288
5598.6328125,-14.0635349891
5684.765625,-16.5417749241
5770.8984375,-16.594655879
5857.03125,-16.1557724252
5943.1640625,-15.5060552124
6029.296875,-14.2487820043
6115.4296875,-15.0141137435
6201.5625,-15.0087326
6287.6953125,-13.9281120116
6373.828125,-13.5839545298
6459.9609375,-14.6348809773
6546.09375,-15.8887290878
6632.2265625,-17.8702540126
6718.359375,-16.4461413838
6804.4921875,-15.9539740107
6890.625,-15.8605913373
6976.7578125,-16.0211708998
7062.890625,-16.0248738777
7149.0234375,-16.8859851285
7235.15625,-19.2616690343
7321.2890625,-18.7619710039
7407.421875,-17.3419323616
7493.5546875,-19.4798651483
7579.6875,-14.9583938689
7665.8203125,-14.5865612891
7751.953125,-15.3847837297
7838.0859375,-15.2942389245
7924.21875,-17.7132449086
8010.3515625,-18.7416772815
8096.484375,-15.8215004998
8182.6171875,-15.773228298
8268.75,-17.9936284205
8354.8828125,-15.0998017581
8441.015625,-14.627611479
8527.1484375,-16.5323636425
8613.28125,-15.9640194314
8699.4140625,-15.6003952915
8785.546875,-16.8205090786
8871.6796875,-14.8607581787
8957.8125,-15.7726089239
9043.9453125,-16.9181037662
9130.078125,-16.3611308362
9216.2109375,-19.227267876
9302.34375,-18.0297203785
9388.4765625,-14.9521386538
9474.609375,-14.7066353686
9560.7421875,-14.8302397286
9646.875,-14.1250180481
9733.0078125,-14.2307797846
9819.140625,-13.1994526318
9905.2734375,-13.984904697
9991.40625,-14.3692116293
10077.5390625,-14.5016309825
10163.671875,-14.230082187
10249.8046875,-14.4215241419
10335.9375,-14.2458117555
10422.0703125,-15.4246545225
10508.203125,-16.1118883482
10594.3359375,-16.0287072514
10680.46875,-17.2716729176
10766.6015625,-19.621903953
10852.734375,-22.2352450085
10938.8671875,-19.6677038241
11025.0,-17.2028035191
11111.1328125,-16.831698685
11197.265625,-18.1670611816
11283.3984375,-18.2108024338
11369.53125,-15.4144223327
11455.6640625,-14.6494159709
11541.796875,-14.112577643
11627.9296875,-14.550024315
11714.0625,-14.6704480969
11800.1953125,-13.574324181
11886.328125,-14.9483393426
11972.4609375,-17.8665814615
12058.59375,-22.1393746513
12144.7265625,-24.1764647796
12230.859375,-22.2402545143
12316.9921875,-20.3698190187
12403.125,-21.182102639
12489.2578125,-24.5106071287
12575.390625,-21.2929922111
12661.5234375,-17.2167889495
12747.65625,-15.9814609702
12833.7890625,-16.4484441822
12919.921875,-18.0673315452
13006.0546875,-17.1797065071
13092.1875,-17.2248405064
13178.3203125,-19.4653428212
13264.453125,-21.9679474794
13350.5859375,-23.8080826895
13436.71875,-23.2082816395
13522.8515625,-20.7193647014
13608.984375,-18.7940155749
13695.1171875,-18.9166954404
13781.25,-19.1559534488
13867.3828125,-18.8309661613
13953.515625,-21.1101819654
14039.6484375,-20.7360439855
14125.78125,-20.9752462007
14211.9140625,-21.0581314869
14298.046875,-22.8671386064
14384.1796875,-23.1693282719
14470.3125,-21.6907205548
14556.4453125,-20.3712622779
14642.578125,-19.4846956203
14728.7109375,-18.7917396996
14814.84375,-19.2174587644
14900.9765625,-21.4266520714
14987.109375,-22.0238701795
15073.2421875,-18.444767506
15159.375,-18.0408964175
15245.5078125,-18.9266766317
15331.640625,-19.3524819098
15417.7734375,-18.9777013303
15503.90625,-18.5221872927
15590.0390625,-18.5764169696
15676.171875,-18.7578407066
15762.3046875,-19.3345179847
15848.4375,-23.1219581569
15934.5703125,-31.1829797986
16020.703125,-37.6643912761
16106.8359375,-40.3440269046
16192.96875,-40.5980244291
16279.1015625,-41.2607973893
16365.234375,-41.3537646093
16451.3671875,-40.8170808411
16537.5,-41.4197655881
16623.6328125,-42.6587254315
16709.765625,-42.25164916
16795.8984375,-41.6269429575
16882.03125,-41.4737048074
16968.1640625,-41.7468778582
17054.296875,-41.6214169591
17140.4296875,-41.3685799343
17226.5625,-41.8805684741
17312.6953125,-41.2769857237
17398.828125,-41.649894042
17484.9609375,-41.9149618842
17571.09375,-42.1198087104
17657.2265625,-42.5823981788
17743.359375,-41.314525013
17829.4921875,-41.4591854949
17915.625,-42.2365077218
18001.7578125,-41.770165416
18087.890625,-41.7162310316
18174.0234375,-41.2923260923
18260.15625,-41.5365566011
18346.2890625,-41.5998114846
18432.421875,-41.9634370508
18518.5546875,-41.6119579317
18604.6875,-41.5416933742
18690.8203125,-41.735709772
18776.953125,-42.2141695822
18863.0859375,-41.8421606506
18949.21875,-41.3805457131
19035.3515625,-40.90935432
19121.484375,-41.6293417982
19207.6171875,-42.0599956527
19293.75,-42.554575923
19379.8828125,-41.7592850153
19466.015625,-41.0394482036
19552.1484375,-40.9748821016
19638.28125,-41.0888406681
19724.4140625,-41.1075762708
19810.546875,-41.8371557552
19896.6796875,-41.9194277737
19982.8125,-41.5950778571
20068.9453125,-41.6360360206
20155.078125,-42.1825944318
20241.2109375,-41.9079706928
20327.34375,-41.4613886014
20413.4765625,-40.9198345332
20499.609375,-41.1167723192
20585.7421875,-41.8649129875
20671.875,-41.6754331858
20758.0078125,-41.9523222478
20844.140625,-41.7965307827
20930.2734375,-41.6590390729
21016.40625,-41.8025249485
21102.5390625,-41.7525809815
21188.671875,-41.6993497811
21274.8046875,-42.0036952936
21360.9375,-42.7680177393
21447.0703125,-42.238680709
21533.203125,-41.8162140816
21619.3359375,-41.9092776988
21705.46875,-42.0557383113
21791.6015625,-41.6980851051
21877.734375,-41.5641652524
21963.8671875,-42.5692146195
22050.0,-44.0750574566
