bark
0.0,-10.3445053436
86.1328125,-10.1136038965
172.265625,-9.86804440334
258.3984375,-8.44088882598
344.53125,-7.31320198684
430.6640625,-6.46642868155
516.796875,-6.70202735782
602.9296875,-8.40338840272
689.0625,-7.84185237352
775.1953125,-6.42546021912
861.328125,-4.98061763113
947.4609375,-4.95158169367
1033.59375,-6.49778496673
1119.7265625,-6.41915653413
1205.859375,-5.13817892551
1291.9921875,-5.07338095752
1378.125,-5.21741809269
1464.2578125,-5.57408296044
1550.390625,-4.75769855639
1636.5234375,-4.34113175785
1722.65625,-4.24202473801
1808.7890625,-4.8485364782
1894.921875,-4.29333482947
1981.0546875,-3.96271988597
2067.1875,-4.6227945379
2153.3203125,-5.95426524033
2239.453125,-6.77839734777
2325.5859375,-8.75941849515
2411.71875,-9.19082329887
2497.8515625,-8.85678100818
2583.984375,-7.73479380234
2670.1171875,-7.12728013791
2756.25,-6.52975487757
2842.3828125,-7.08448606788
2928.515625,-7.53140672366
3014.6484375,-6.55351264287
3100.78125,-5.29765308345
3186.9140625,-4.55306486286
3273.046875,-4.02944809939
3359.1796875,-3.68572586024
3445.3125,-3.84230593013
3531.4453125,-4.52281043229
3617.578125,-6.67168732707
3703.7109375,-8.16041597877
3789.84375,-8.672432327
3875.9765625,-9.1809675387
3962.109375,-11.4836962975
4048.2421875,-9.55670134841
4134.375,-9.14366601801
4220.5078125,-9.91441594879
4306.640625,-11.4653743979
4392.7734375,-11.6918578776
4478.90625,-11.4064047661
4565.0390625,-11.1695794988
4651.171875,-11.1101713037
4737.3046875,-11.1453274852
4823.4375,-10.1277415005
4909.5703125,-10.0713815336
4995.703125,-9.05411802068
5081.8359375,-8.72424045156
5167.96875,-8.69312512984
5254.1015625,-8.82640983876
5340.234375,-10.563839016
5426.3671875,-12.1896871623
5512.5,-12.7592620628
5598.6328125,-11.9718825375
5684.765625,-11.7056501275
5770.8984375,-10.9970205888
5857.03125,-10.4986595858
5943.1640625,-10.7537104547
6029.296875,-11.0779059966
6115.4296875,-11.4877170927
6201.5625,-12.7265043576
6287.6953125,-12.8825541233
6373.828125,-12.6695814171
6459.9609375,-11.3474280892
6546.09375,-10.5918035094
6632.2265625,-11.133379781
6718.359375,-10.6828122592
6804.4921875,-9.7270752379
6890.625,-10.8350185923
6976.7578125,-9.52779265482
7062.890625,-10.347703654
7149.0234375,-11.5869086042
7235.15625,-11.352472033
7321.2890625,-10.992122203
7407.421875,-11.4704157507
7493.5546875,-13.7948313849
7579.6875,-15.2416839991
7665.8203125,-12.5565866669
7751.953125,-12.2318904127
7838.0859375,-12.5022081225
7924.21875,-11.4214287781
8010.3515625,-10.4930155159
8096.484375,-10.2257614599
8182.6171875,-9.92204998645
8268.75,-8.48904535595
8354.8828125,-8.43641521619
8441.015625,-8.96679085768
8527.1484375,-9.07312068013
8613.28125,-10.2258623331
8699.4140625,-9.79139476602
8785.546875,-10.5294938984
8871.6796875,-12.4734628566
8957.8125,-12.7205979162
9043.9453125,-12.2264691867
9130.078125,-12.7403965602
9216.2109375,-14.304304298
9302.34375,-14.5094734435
9388.4765625,-13.032760735
9474.609375,-12.9406000598
9560.7421875,-13.7612920637
9646.875,-13.0194055985
9733.0078125,-12.6461253786
9819.140625,-12.8974403457
9905.2734375,-12.5737365677
9991.40625,-11.9078751715
10077.5390625,-12.1000081938
10163.671875,-11.5409308086
10249.8046875,-11.5116123016
10335.9375,-12.6775431671
10422.0703125,-11.500845405
10508.203125,-11.4220311662
10594.3359375,-12.7565386241
10680.46875,-13.3409945429
10766.6015625,-13.3960258018
10852.734375,-14.3479000882
10938.8671875,-17.0709807645
11025.0,-20.2486839424
11111.1328125,-18.3566623387
11197.265625,-16.4661778765
11283.3984375,-14.4457490535
11369.53125,-13.6861983693
11455.6640625,-13.2492142055
11541.796875,-12.5745976407
11627.9296875,-11.9261964481
11714.0625,-11.4795182413
11800.1953125,-12.3839644467
11886.328125,-14.237613183
11972.4609375,-14.9087661237
12058.59375,-14.7856768122
12144.7265625,-13.4670597062
12230.859375,-12.5629056941
12316.9921875,-13.7396860767
12403.125,-15.737868279
12489.2578125,-15.3451327087
12575.390625,-13.0717031725
12661.5234375,-12.3390249211
12747.65625,-12.6265472723
12833.7890625,-12.0494916759
12919.921875,-12.1042345619
13006.0546875,-12.772708961
13092.1875,-12.4833324845
13178.3203125,-11.7196376304
13264.453125,-11.505329457
13350.5859375,-11.6553302257
13436.71875,-11.7117735027
13522.8515625,-12.3178736473
13608.984375,-12.7782989634
13695.1171875,-13.2922607609
13781.25,-14.1326100466
13867.3828125,-14.4370396464
13953.515625,-15.6054883678
14039.6484375,-15.8012510099
14125.78125,-17.2885179287
14211.9140625,-18.793914987
14298.046875,-18.2923076684
14384.1796875,-17.3041568326
14470.3125,-19.872719894
14556.4453125,-18.5852320555
14642.578125,-14.7123053643
14728.7109375,-13.7239537954
14814.84375,-13.256804981
14900.9765625,-12.8171153648
14987.109375,-12.5649078256
15073.2421875,-13.5310032889
15159.375,-13.2925495469
15245.5078125,-12.380456082
15331.640625,-12.9927072232
15417.7734375,-15.9139288261
15503.90625,-17.1411384987
15590.0390625,-16.4998328103
15676.171875,-17.7585494519
15762.3046875,-20.1752617664
15848.4375,-25.9809816892
15934.5703125,-30.53646752
16020.703125,-37.7426658131
16106.8359375,-39.9761355078
16192.96875,-41.0473316066
16279.1015625,-41.2317101753
16365.234375,-41.6918315218
16451.3671875,-41.4907440971
16537.5,-41.5542057092
16623.6328125,-41.5933309751
16709.765625,-41.7388503346
16795.8984375,-42.2282154656
16882.03125,-41.5530913397
16968.1640625,-41.4661755629
17054.296875,-41.7645890139
17140.4296875,-42.4761905787
17226.5625,-41.9176903534
17312.6953125,-41.6368274722
17398.828125,-41.8853242554
17484.9609375,-41.9459383675
17571.09375,-41.7796202782
17657.2265625,-42.0563024182
17743.359375,-42.1092010663
17829.4921875,-41.7023495646
17915.625,-42.0069333863
18001.7578125,-41.8915207351
18087.890625,-41.5816367911
18174.0234375,-41.5053841911
18260.15625,-41.5379630502
18346.2890625,-41.7875420728
18432.421875,-41.9023581408
18518.5546875,-41.9170487375
18604.6875,-42.5227800048
18690.8203125,-41.8326629276
18776.953125,-41.9748173977
18863.0859375,-41.9612950071
18949.21875,-41.8824931711
19035.3515625,-41.9936768001
19121.484375,-42.1392822692
19207.6171875,-41.6261692542
19293.75,-41.884122143
19379.8828125,-42.0131021635
19466.015625,-42.0710052097
19552.1484375,-42.1246062192
19638.28125,-41.658841789
19724.4140625,-41.6049238636
19810.546875,-42.1940666218
19896.6796875,-41.884924942
19982.8125,-41.6791648689
20068.9453125,-41.605831056
20155.078125,-42.2111404434
20241.2109375,-42.1672360296
20327.34375,-41.2909617477
20413.4765625,-41.0787786431
20499.609375,-41.3513788764
20585.7421875,-41.4339441123
20671.875,-41.7199143163
20758.0078125,-41.4415885136
20844.140625,-41.794058054
20930.2734375,-41.8550576368
21016.40625,-41.6107298321
21102.5390625,-41.5668105879
21188.671875,-41.2165808
21274.8046875,-41.6901298495
21360.9375,-41.6470350016
21447.0703125,-42.3596090151
21533.203125,-41.9043671975
21619.3359375,-42.1053386842
21705.46875,-41.499723258
21791.6015625,-41.7065172803
21877.734375,-42.1416646755
21963.8671875,-42.5624259056
22050.0,-43.6388711546
