bark
0.0,-12.2744079233
86.1328125,-9.44157648275
172.265625,-7.80735468568
258.3984375,-6.6060102861
344.53125,-5.00299538193
430.6640625,-2.86009889087
516.796875,-2.58736225471
602.9296875,-4.00399153709
689.0625,-4.20801565185
775.1953125,-3.73012819925
861.328125,-4.41586997821
947.4609375,-5.83018583069
1033.59375,-6.09354086477
1119.7265625,-8.1921071515
1205.859375,-6.91571951932
1291.9921875,-5.56804606537
1378.125,-5.56768344077
1464.2578125,-6.81175947854
1550.390625,-7.57708693777
1636.5234375,-8.16512021824
1722.65625,-8.69653405944
1808.7890625,-9.3177988459
1894.921875,-10.5413379895
1981.0546875,-12.4338977409
2067.1875,-13.2161973157
2153.3203125,-13.2994811025
2239.453125,-12.5238306339
2325.5859375,-13.3849280092
2411.71875,-14.2259788018
2497.8515625,-14.0944712563
2583.984375,-14.7556744549
2670.1171875,-15.0483107706
2756.25,-15.1851764336
2842.3828125,-16.6223330418
2928.515625,-16.0320120741
3014.6484375,-16.4779719196
3100.78125,-17.8405314919
3186.9140625,-17.7679925083
3273.046875,-18.3846330704
3359.1796875,-18.3025327924
3445.3125,-18.5727785193
3531.4453125,-19.3787935016
3617.578125,-20.1231351049
3703.7109375,-20.190446992
3789.84375,-19.8114906027
3875.9765625,-19.6041736561
3962.109375,-20.4154346441
4048.2421875,-20.1359078376
4134.375,-19.1702576641
4220.5078125,-20.6383460371
4306.640625,-21.5358572615
4392.7734375,-20.8218894074
4478.90625,-20.2661028325
4565.0390625,-19.6014420316
4651.171875,-20.0284499428
4737.3046875,-20.0779525454
4823.4375,-17.0292146463
4909.5703125,-16.8398745105
4995.703125,-17.0067082458
5081.8359375,-17.9248690153
5167.96875,-18.4575980738
5254.1015625,-15.5345603744
5340.234375,-13.7528360253
5426.3671875,-12.935129846
5512.5,-11.8423212816
5598.6328125,-12.246111751
5684.765625,-12.156421244
5770.8984375,-10.8950042445
5857.03125,-10.841764169
5943.1640625,-13.5792877591
6029.296875,-14.2735335314
6115.4296875,-15.3399078566
6201.5625,-15.2368384232
6287.6953125,-14.2231985769
6373.828125,-13.7039423985
6459.9609375,-14.4646982529
6546.09375,-15.0988241302
6632.2265625,-15.028715258
6718.359375,-15.4861825113
6804.4921875,-16.3002243513
6890.625,-17.4746671343
6976.7578125,-17.9350909755
7062.890625,-16.5711265848
7149.0234375,-17.4149993829
7235.15625,-19.9966484994
7321.2890625,-21.9581361467
7407.421875,-21.2316374936
7493.5546875,-20.2992276809
7579.6875,-19.9945637867
7665.8203125,-20.0710020556
7751.953125,-20.1885863928
7838.0859375,-18.7985130596
7924.21875,-18.3227410973
8010.3515625,-18.9395583038
8096.484375,-19.5274704741
8182.6171875,-20.8219364822
8268.75,-21.219220032
8354.8828125,-22.4921046454
8441.015625,-22.4797852613
8527.1484375,-20.1449787216
8613.28125,-19.6731832937
8699.4140625,-20.4360083044
8785.546875,-21.9844159539
8871.6796875,-21.4300855045
8957.8125,-19.7555059461
9043.9453125,-18.6271030421
9130.078125,-19.2746004678
9216.2109375,-22.3953956867
9302.34375,-21.6655788559
9388.4765625,-20.1797728319
9474.609375,-19.1682836767
9560.7421875,-18.0332918951
9646.875,-18.9716912054
9733.0078125,-18.5027325263
9819.140625,-18.4651395214
9905.2734375,-19.2525252421
9991.40625,-18.8079608426
10077.5390625,-19.1686586595
10163.671875,-18.6888934056
10249.8046875,-18.2163471424
10335.9375,-18.8397815579
10422.0703125,-18.1925990163
10508.203125,-18.6761445185
10594.3359375,-18.1052297065
10680.46875,-16.6714887558
10766.6015625,-17.1093837591
10852.734375,-19.134353813
10938.8671875,-21.1179743688
11025.0,-21.1630119454
11111.1328125,-21.6863231491
11197.265625,-21.9862375885
11283.3984375,-23.0867054456
11369.53125,-23.2667785884
11455.6640625,-23.5704736299
11541.796875,-23.4327211116
11627.9296875,-24.0280750685
11714.0625,-23.6986108965
11800.1953125,-23.8859708547
11886.328125,-21.8574333912
11972.4609375,-20.2056952092
12058.59375,-20.218636701
12144.7265625,-20.6770501637
12230.859375,-22.111249518
12316.9921875,-21.9970515064
12403.125,-21.0033679833
12489.2578125,-20.5768898592
12575.390625,-21.4921145128
12661.5234375,-22.209395596
12747.65625,-23.7609440263
12833.7890625,-22.8198327536
12919.921875,-22.2214554986
13006.0546875,-23.528393712
13092.1875,-21.387747386
13178.3203125,-20.4872335259
13264.453125,-21.7974254605
13350.5859375,-23.8091394218
13436.71875,-23.8641482627
13522.8515625,-23.9220910644
13608.984375,-22.91907429
13695.1171875,-22.7509129053
13781.25,-24.0309987579
13867.3828125,-23.4143550162
13953.515625,-23.4599476451
14039.6484375,-24.7715422487
14125.78125,-25.5390354987
14211.9140625,-25.0617889479
14298.046875,-24.4683648395
14384.1796875,-23.6461012554
14470.3125,-23.4941452204
14556.4453125,-25.0631528481
14642.578125,-24.8812286765
14728.7109375,-24.1777951941
14814.84375,-24.2515204557
14900.9765625,-24.2812139449
14987.109375,-24.512390911
15073.2421875,-25.0701929859
15159.375,-24.5770794272
15245.5078125,-23.4133026282
15331.640625,-23.5339501153
15417.7734375,-24.5863066974
15503.90625,-25.0857303505
15590.0390625,-24.4539160643
15676.171875,-24.1691283622
15762.3046875,-26.58414178
15848.4375,-32.5591918361
15934.5703125,-38.5173507039
16020.703125,-41.7014454696
16106.8359375,-41.2938399229
16192.96875,-41.1597215138
16279.1015625,-41.4827397643
16365.234375,-41.5464461604
16451.3671875,-41.6091700336
16537.5,-41.9991587216
16623.6328125,-41.3839777245
16709.765625,-41.2705410698
16795.8984375,-41.6520016952
16882.03125,-42.2789263152
16968.1640625,-42.0231388208
17054.296875,-41.6093312358
17140.4296875,-41.6453340965
17226.5625,-41.8803589894
17312.6953125,-41.9193615492
17398.828125,-42.0082861001
17484.9609375,-41.4647079793
17571.09375,-41.2989973229
17657.2265625,-41.7545168668
17743.359375,-41.5888398899
17829.4921875,-41.3554011198
17915.625,-41.2607216271
18001.7578125,-41.5342113661
18087.890625,-41.9484955498
18174.0234375,-41.5395324031
18260.15625,-41.2653058616
18346.2890625,-41.1118329392
18432.421875,-43.1871338007
18518.5546875,-41.6991324871
18604.6875,-41.4084222509
18690.8203125,-41.9734773849
18776.953125,-42.8073060656
18863.0859375,-41.9966333036
18949.21875,-42.5829984234
19035.3515625,-41.9604656527
19121.484375,-41.794684701
19207.6171875,-41.8945485314
19293.75,-42.364599109
19379.8828125,-42.4886909881
19466.015625,-41.6936471637
19552.1484375,-41.4451886981
19638.28125,-41.362735252
19724.4140625,-41.5089376522
19810.546875,-41.5716878429
19896.6796875,-41.4757691835
19982.8125,-41.5644810624
20068.9453125,-41.2806071132
20155.078125,-41.0290596027
20241.2109375,-41.8201659266
20327.34375,-42.0877140886
20413.4765625,-41.9435255983
20499.609375,-41.9247324057
20585.7421875,-42.0006760613
20671.875,-41.8358699125
20758.0078125,-41.4095100016
20844.140625,-41.2071299319
20930.2734375,-41.059694174
21016.40625,-40.7940820053
21102.5390625,-41.3880233065
21188.671875,-41.7868465514
21274.8046875,-41.8282280896
21360.9375,-41.7390496473
21447.0703125,-41.6936696404
21533.203125,-41.8232071701
21619.3359375,-42.0282573534
21705.46875,-42.4086673759
21791.6015625,-41.6343996295
21877.734375,-41.6417860264
21963.8671875,-41.1718842551
22050.0,-42.6695530703
