growl
0.0,-10.0189857009
86.1328125,-8.53349555607
172.265625,-8.53849359467
258.3984375,-7.67440723162
344.53125,-7.27123245067
430.6640625,-7.82286920824
516.796875,-6.97525079953
602.9296875,-6.43221678964
689.0625,-6.16479933303
775.1953125,-7.43809378257
861.328125,-9.23281230246
947.4609375,-11.2761759744
1033.59375,-12.8663082938
1119.7265625,-14.0172633546
1205.859375,-14.6644552802
1291.9921875,-14.2965828495
1378.125,-13.057962112
1464.2578125,-11.6780758585
1550.390625,-10.5044330026
1636.5234375,-10.2780174375
1722.65625,-12.0550125383
1808.7890625,-14.3130453038
1894.921875,-14.9128559493
1981.0546875,-13.6885942892
2067.1875,-13.9466353183
2153.3203125,-12.2006312613
2239.453125,-10.6465887571
2325.5859375,-10.5516361066
2411.71875,-10.92103888
2497.8515625,-12.7408057152
2583.984375,-15.3041141088
2670.1171875,-15.5556923009
2756.25,-13.7934765808
2842.3828125,-13.0778307939
2928.515625,-13.5092342982
3014.6484375,-13.8213314416
3100.78125,-15.2135244932
3186.9140625,-15.9514016871
3273.046875,-16.9074764926
3359.1796875,-16.7082707732
3445.3125,-16.6890838042
3531.4453125,-14.875391454
3617.578125,-14.1974351018
3703.7109375,-14.7973097784
3789.84375,-16.5903239408
3875.9765625,-16.9207769746
3962.109375,-17.4290008883
4048.2421875,-17.5343971773
4134.375,-17.2710584262
4220.5078125,-17.0771695796
4306.640625,-17.9858214916
4392.7734375,-18.9971284557
4478.90625,-19.2451752706
4565.0390625,-18.9116293174
4651.171875,-17.7650898975
4737.3046875,-18.2917932409
4823.4375,-18.6239773144
4909.5703125,-18.2075360561
4995.703125,-19.2706925522
5081.8359375,-19.9364029586
5167.96875,-20.0356313219
5254.1015625,-19.6751056113
5340.234375,-20.3938967298
5426.3671875,-20.121656533
5512.5,-19.595833369
5598.6328125,-19.2958665788
5684.765625,-18.5486583749
5770.8984375,-17.863410959
5857.03125,-17.9940234829
5943.1640625,-18.0881265416
6029.296875,-18.680426753
6115.4296875,-18.7873535
6201.5625,-18.9582262235
6287.6953125,-18.737182177
6373.828125,-18.849824619
6459.9609375,-19.3441716016
6546.09375,-19.2319656509
6632.2265625,-19.5458394338
6718.359375,-19.4034632607
6804.4921875,-19.3130937867
6890.625,-19.7971031831
6976.7578125,-19.4604278365
7062.890625,-19.1524967952
7149.0234375,-18.5860372089
7235.15625,-19.4495920302
7321.2890625,-20.2689673801
7407.421875,-19.58356769
7493.5546875,-19.3776572515
7579.6875,-19.636396535
7665.8203125,-20.3080728946
7751.953125,-21.1042612766
7838.0859375,-21.3655824762
7924.21875,-21.2986886276
8010.3515625,-20.8908741008
8096.484375,-20.7257694892
8182.6171875,-20.7652987594
8268.75,-20.1147694573
8354.8828125,-20.31934838
8441.015625,-20.7670732468
8527.1484375,-20.6618610404
8613.28125,-20.4933848237
8699.4140625,-19.8356072858
8785.546875,-19.679147184
8871.6796875,-19.5952191803
8957.8125,-19.9761186614
9043.9453125,-19.8196382896
9130.078125,-19.8977527202
9216.2109375,-20.1209932269
9302.34375,-19.6273748022
9388.4765625,-19.4026141325
9474.609375,-19.1297396961
9560.7421875,-19.0400631064
9646.875,-19.3802726176
9733.0078125,-19.4292163682
9819.140625,-19.781728917
9905.2734375,-19.7178907958
9991.40625,-20.5063363195
10077.5390625,-20.2838348386
10163.671875,-19.6198744368
10249.8046875,-19.9174435161
10335.9375,-20.9047739281
10422.0703125,-23.2703710132
10508.203125,-27.5470744148
10594.3359375,-30.5667921591
10680.46875,-33.1674141745
10766.6015625,-34.853768387
10852.734375,-37.5998178559
10938.8671875,-38.2882333414
11025.0,-39.3429770933
11111.1328125,-41.8773472125
11197.265625,-42.270593798
11283.3984375,-41.6839287305
11369.53125,-41.5291341544
11455.6640625,-41.6877694248
11541.796875,-41.16920482
11627.9296875,-41.3632449527
11714.0625,-41.0619891974
11800.1953125,-40.4442456149
11886.328125,-40.5899558227
11972.4609375,-41.3608672673
12058.59375,-41.5486969178
12144.7265625,-41.4772343169
12230.859375,-41.2189434351
12316.9921875,-41.8078969763
12403.125,-42.2913345746
12489.2578125,-40.1029799883
12575.390625,-40.2506239229
12661.5234375,-41.1740438207
12747.65625,-40.9359933905
12833.7890625,-40.5119617366
12919.921875,-40.5765057506
13006.0546875,-40.9750275279
13092.1875,-39.5017291284
13178.3203125,-38.4588032303
13264.453125,-39.1265136857
13350.5859375,-38.2419394998
13436.71875,-37.8644011823
13522.8515625,-37.5810070881
13608.984375,-38.3217720418
13695.1171875,-38.4686209383
13781.25,-38.8386929745
13867.3828125,-37.6082946303
13953.515625,-37.5075997488
14039.6484375,-37.3633166186
14125.78125,-37.5061750121
14211.9140625,-37.6757398463
14298.046875,-37.5861517522
14384.1796875,-37.766470048
14470.3125,-36.7969421138
14556.4453125,-36.8262730521
14642.578125,-37.5582960412
14728.7109375,-37.6161384177
14814.84375,-37.6609790615
14900.9765625,-38.0704170633
14987.109375,-37.7123234566
15073.2421875,-37.2641245419
15159.375,-37.7823104338
15245.5078125,-38.6289854392
15331.640625,-38.6856908264
15417.7734375,-38.8445148752
15503.90625,-39.0844268635
15590.0390625,-38.701142248
15676.171875,-38.9915807502
15762.3046875,-40.0750486573
15848.4375,-41.7762724422
15934.5703125,-41.5306703194
16020.703125,-41.9798539792
16106.8359375,-41.6095731277
16192.96875,-41.6492282148
16279.1015625,-41.892069678
16365.234375,-41.4220762533
16451.3671875,-42.1972621451
16537.5,-42.0088449191
16623.6328125,-41.8196963263
16709.765625,-42.0207433678
16795.8984375,-41.7489369497
16882.03125,-41.0946502716
16968.1640625,-41.0991203773
17054.296875,-41.5518586159
17140.4296875,-42.2100297272
17226.5625,-42.030857656
17312.6953125,-41.7999786612
17398.828125,-41.7588033305
17484.9609375,-41.6631920515
17571.09375,-41.9714737685
17657.2265625,-41.9094382942
17743.359375,-41.7093289945
17829.4921875,-41.8139684856
17915.625,-42.1096227724
18001.7578125,-41.4328827322
18087.890625,-41.2698819802
18174.0234375,-42.4248457389
18260.15625,-42.5396187764
18346.2890625,-41.8221335253
18432.421875,-41.877356436
18518.5546875,-42.1361566785
18604.6875,-41.5458919986
18690.8203125,-41.5056266494
18776.953125,-41.8078261247
18863.0859375,-41.8349416628
18949.21875,-41.5260616357
19035.3515625,-40.9833156233
19121.484375,-41.7334557601
19207.6171875,-42.4560803886
19293.75,-42.0570559925
19379.8828125,-41.7896598683
19466.015625,-41.3248741013
19552.1484375,-41.9170771145
19638.28125,-42.4198809029
19724.4140625,-42.3050827927
19810.546875,-42.4483733663
19896.6796875,-42.1527713418
19982.8125,-41.6842617321
20068.9453125,-41.9155898431
20155.078125,-41.6852893919
20241.2109375,-41.9309029773
20327.34375,-41.8977259864
20413.4765625,-41.8727222714
20499.609375,-41.3176014204
20585.7421875,-42.1457311029
20671.875,-42.364137449
20758.0078125,-41.5084934669
20844.140625,-41.8043492057
20930.2734375,-41.9508957888
21016.40625,-41.6976544007
21102.5390625,-41.2839039365
21188.671875,-41.0332364794
21274.8046875,-41.8848693969
21360.9375,-41.8794845582
21447.0703125,-40.9704105867
21533.203125,-41.0429381421
21619.3359375,-41.5826213086
21705.46875,-41.8689451813
21791.6015625,-41.9789990553
21877.734375,-42.7262187924
21963.8671875,-42.1908573391
22050.0,-43.8956699745
