growl
0.0,-6.73223842061
86.1328125,-4.84230518378
172.265625,-4.90510015753
258.3984375,-5.37937693132
344.53125,-5.86099931342
430.6640625,-4.84696806302
516.796875,-4.94428471637
602.9296875,-5.7095431692
689.0625,-6.00501886073
775.1953125,-6.88906436692
861.328125,-8.31744421153
947.4609375,-8.72110494293
1033.59375,-8.95808200985
1119.7265625,-9.02798054689
1205.859375,-8.55746523639
1291.9921875,-8.48342211181
1378.125,-9.65474617368
1464.2578125,-11.1103271737
1550.390625,-11.1980161715
1636.5234375,-11.1217628794
1722.65625,-11.7101170579
1808.7890625,-10.7137653072
1894.921875,-9.96147308111
1981.0546875,-9.74705582855
2067.1875,-10.3433291158
2153.3203125,-11.8441430753
2239.453125,-12.6415764518
2325.5859375,-12.6107082656
2411.71875,-12.4486542483
2497.8515625,-11.7274780074
2583.984375,-11.4329842464
2670.1171875,-11.6339779217
2756.25,-11.5926750573
2842.3828125,-11.4381436078
2928.515625,-10.6033425773
3014.6484375,-10.8467071183
3100.78125,-11.6543619449
3186.9140625,-11.0608003539
3273.046875,-11.3397595181
3359.1796875,-12.6805577042
3445.3125,-12.5991540182
3531.4453125,-13.1884715622
3617.578125,-12.9489688606
3703.7109375,-13.2410843846
3789.84375,-13.7566379748
3875.9765625,-13.8742588204
3962.109375,-13.6246747299
4048.2421875,-12.7383565273
4134.375,-12.644083281
4220.5078125,-13.0519775416
4306.640625,-12.7764701607
4392.7734375,-13.9324785307
4478.90625,-14.1410813845
4565.0390625,-14.2856711902
4651.171875,-15.3955670821
4737.3046875,-15.5848469825
4823.4375,-15.7731090178
4909.5703125,-16.4180913734
4995.703125,-16.1366565884
5081.8359375,-16.2853980737
5167.96875,-16.4318304012
5254.1015625,-16.5265255417
5340.234375,-17.1032814977
5426.3671875,-16.6254751768
5512.5,-16.5915495797
5598.6328125,-16.7260693961
5684.765625,-16.1159641206
5770.8984375,-15.5853785873
5857.03125,-15.3584114427
5943.1640625,-14.7378761893
6029.296875,-13.789383612
6115.4296875,-13.7251391087
6201.5625,-14.0649197609
6287.6953125,-15.3089720257
6373.828125,-15.648830218
6459.9609375,-15.4916559834
6546.09375,-16.169345143
6632.2265625,-16.9710082163
6718.359375,-16.7545573951
6804.4921875,-16.5036615743
6890.625,-15.7887592447
6976.7578125,-15.7851749912
7062.890625,-16.4947287041
7149.0234375,-16.5626315622
7235.15625,-16.1865034826
7321.2890625,-15.9004127836
7407.421875,-15.4800394397
7493.5546875,-15.1748336531
7579.6875,-15.6861056187
7665.8203125,-16.013185358
7751.953125,-16.0050101048
7838.0859375,-16.4758329392
7924.21875,-17.2352140067
8010.3515625,-17.0642896175
8096.484375,-17.529957125
8182.6171875,-17.6596105984
8268.75,-18.0427898448
8354.8828125,-19.3390492923
8441.015625,-19.8309945582
8527.1484375,-19.7252210713
8613.28125,-21.5505458327
8699.4140625,-22.5383068536
8785.546875,-22.0022074867
8871.6796875,-21.5673965866
8957.8125,-21.6393489325
9043.9453125,-21.5405894242
9130.078125,-22.7165352935
9216.2109375,-21.5929046697
9302.34375,-21.2565251232
9388.4765625,-20.3692014297
9474.609375,-19.6157161895
9560.7421875,-18.5854506251
9646.875,-18.9861549419
9733.0078125,-20.0388961595
9819.140625,-20.1223438177
9905.2734375,-19.8137736421
9991.40625,-19.913193551
10077.5390625,-19.5014816103
10163.671875,-19.5762250041
10249.8046875,-19.6444820261
10335.9375,-19.6366939284
10422.0703125,-20.6835112914
10508.203125,-20.969898323
10594.3359375,-20.0221738002
10680.46875,-19.9867763841
10766.6015625,-19.7446447516
10852.734375,-20.2274626839
10938.8671875,-20.5425086862
11025.0,-19.649136492
11111.1328125,-19.7919164861
11197.265625,-20.8158137135
11283.3984375,-21.0840571585
11369.53125,-21.0465972551
11455.6640625,-21.5987010038
11541.796875,-21.300873191
11627.9296875,-20.2944075666
11714.0625,-20.1733644178
11800.1953125,-20.9396822229
11886.328125,-20.5842975804
11972.4609375,-21.1450003923
12058.59375,-20.8178005667
12144.7265625,-20.5613665267
12230.859375,-21.6457492063
12316.9921875,-22.2423003964
12403.125,-22.4900013814
12489.2578125,-23.0237715128
12575.390625,-22.4646310838
12661.5234375,-22.0143992009
12747.65625,-22.0365116794
12833.7890625,-22.3285275086
12919.921875,-22.9955691883
13006.0546875,-22.899107781
13092.1875,-22.7535779904
13178.3203125,-22.7713528398
13264.453125,-22.6706506733
13350.5859375,-21.9537956523
13436.71875,-21.4014993274
13522.8515625,-20.8043859322
13608.984375,-20.2908522403
13695.1171875,-20.2321315273
13781.25,-20.093055749
13867.3828125,-20.7911662816
13953.515625,-21.198318536
14039.6484375,-20.8265679673
14125.78125,-20.5754727777
14211.9140625,-20.919147538
14298.046875,-20.743558887
14384.1796875,-20.6501339204
14470.3125,-20.1376159189
14556.4453125,-20.2820712161
14642.578125,-21.0016094563
14728.7109375,-20.3622921445
14814.84375,-19.8139658177
14900.9765625,-20.2470411166
14987.109375,-20.5079574909
15073.2421875,-20.4118357958
15159.375,-21.7003079814
15245.5078125,-26.0423160442
15331.640625,-32.5796578059
15417.7734375,-39.9289914248
15503.90625,-41.7233680707
15590.0390625,-33.4338561518
15676.171875,-30.5074850709
15762.3046875,-33.3095848908
15848.4375,-41.6353534888
15934.5703125,-41.873786659
16020.703125,-42.6459374533
16106.8359375,-42.0925496083
16192.96875,-41.7723619198
16279.1015625,-42.6123421529
16365.234375,-42.5268595182
16451.3671875,-41.7117408564
16537.5,-42.1889433064
16623.6328125,-41.8187048079
16709.765625,-41.5686690885
16795.8984375,-41.7907925888
16882.03125,-41.342840536
16968.1640625,-41.0983952273
17054.296875,-41.1463770295
17140.4296875,-41.8717552754
17226.5625,-41.4761045002
17312.6953125,-41.8734447626
17398.828125,-41.9862162258
17484.9609375,-41.8425826518
17571.09375,-41.8682792876
17657.2265625,-42.396939425
17743.359375,-42.5629824838
17829.4921875,-42.3310068032
17915.625,-42.4824475345
18001.7578125,-42.0759565597
18087.890625,-41.5240262751
18174.0234375,-41.2770711128
18260.15625,-42.0343505193
18346.2890625,-42.0119274058
18432.421875,-41.328004068
18518.5546875,-41.5365370333
18604.6875,-41.7972908794
18690.8203125,-41.7482326448
18776.953125,-42.0626357299
18863.0859375,-41.4529539264
18949.21875,-41.3348179151
19035.3515625,-41.4819729566
19121.484375,-41.7376914186
19207.6171875,-42.0915146101
19293.75,-42.3322615203
19379.8828125,-42.289006391
19466.015625,-41.5502303471
19552.1484375,-41.9270407799
19638.28125,-42.1721227548
19724.4140625,-41.7702172531
19810.546875,-41.4687956662
19896.6796875,-41.5084018262
19982.8125,-41.7225164825
20068.9453125,-42.1276519034
20155.078125,-41.8307617616
20241.2109375,-42.0094672867
20327.34375,-41.9104360196
20413.4765625,-41.2740511328
20499.609375,-41.7085452556
20585.7421875,-41.5127430708
20671.875,-41.9558981359
20758.0078125,-42.5800672097
20844.140625,-42.4533057002
20930.2734375,-41.324842188
21016.40625,-41.7530159749
21102.5390625,-42.4673305925
21188.671875,-41.5967150099
21274.8046875,-41.9125605533
21360.9375,-42.1073710124
21447.0703125,-41.6999414718
21533.203125,-41.9146977158
21619.3359375,-41.6872344406
21705.46875,-42.3782849651
21791.6015625,-41.7558578531
21877.734375,-41.6322214216
21963.8671875,-41.1638527351
22050.0,-42.7560186652
