growl
0.0,-7.56446641109
86.1328125,-5.70129403948
172.265625,-5.34434842038
258.3984375,-6.18968072468
344.53125,-6.91652171867
430.6640625,-5.75036866974
516.796875,-5.57814131597
602.9296875,-6.43280676934
689.0625,-7.83661021395
775.1953125,-8.9297939249
861.328125,-9.83022205226
947.4609375,-10.5102360929
1033.59375,-10.6265871525
1119.7265625,-10.5431895934
1205.859375,-9.77104901409
1291.9921875,-8.51292169935
1378.125,-8.10333488193
1464.2578125,-8.62565809057
1550.390625,-8.95707181949
1636.5234375,-8.80611968451
1722.65625,-8.84118794627
1808.7890625,-9.19427769609
1894.921875,-10.3462915058
1981.0546875,-12.4114671553
2067.1875,-13.6397246665
2153.3203125,-14.5275002696
2239.453125,-14.8070795527
2325.5859375,-13.8024499159
2411.71875,-13.966564804
2497.8515625,-15.8474516149
2583.984375,-18.5184619536
2670.1171875,-19.7774499022
2756.25,-18.9518876137
2842.3828125,-19.2202455911
2928.515625,-19.0742577333
3014.6484375,-18.5348827093
3100.78125,-17.9117621842
3186.9140625,-17.3072625075
3273.046875,-16.4495458227
3359.1796875,-15.7435147454
3445.3125,-16.2649331295
3531.4453125,-17.5579495266
3617.578125,-18.7344476431
3703.7109375,-18.7519238736
3789.84375,-18.0375304025
3875.9765625,-18.4541969892
3962.109375,-17.6985553987
4048.2421875,-15.9278989143
4134.375,-14.7699534299
4220.5078125,-14.3146858758
4306.640625,-14.0245329635
4392.7734375,-14.2937181699
4478.90625,-15.8181379984
4565.0390625,-17.3948896538
4651.171875,-18.4770904341
4737.3046875,-19.9540247758
4823.4375,-21.9075503613
4909.5703125,-23.0166831991
4995.703125,-23.1985535841
5081.8359375,-22.1972460537
5167.96875,-22.5951576391
5254.1015625,-22.5692092614
5340.234375,-22.2801367989
5426.3671875,-21.0072126113
5512.5,-19.8455055598
5598.6328125,-19.5517043652
5684.765625,-19.8459889947
5770.8984375,-20.5673789146
5857.03125,-20.7907929435
5943.1640625,-21.1067338981
6029.296875,-20.5798448319
6115.4296875,-19.1677607551
6201.5625,-17.4153759372
6287.6953125,-17.0081529124
6373.828125,-18.1501845824
6459.9609375,-19.5397374321
6546.09375,-20.0494667402
6632.2265625,-21.1234522091
6718.359375,-22.3031474071
6804.4921875,-22.163688944
6890.625,-21.8412380444
6976.7578125,-21.347626118
7062.890625,-20.7634119759
7149.0234375,-19.6372178415
7235.15625,-18.2748352623
7321.2890625,-17.1924109134
7407.421875,-16.8945626706
7493.5546875,-17.2344367849
7579.6875,-18.4714375219
7665.8203125,-19.6106693743
7751.953125,-19.6944250739
7838.0859375,-19.9296667119
7924.21875,-20.6029609647
8010.3515625,-21.6180486007
8096.484375,-22.8537186802
8182.6171875,-23.7904875424
8268.75,-26.8577985339
8354.8828125,-33.9532712869
8441.015625,-37.4129418436
8527.1484375,-33.6213266557
8613.28125,-29.4817867611
8699.4140625,-27.454139959
8785.546875,-26.610448402
8871.6796875,-24.1167732007
8957.8125,-22.9950061581
9043.9453125,-23.1002834991
9130.078125,-22.7535993696
9216.2109375,-20.9093916975
9302.34375,-18.9485059468
9388.4765625,-18.2024288269
9474.609375,-18.9809039878
9560.7421875,-20.4243408223
9646.875,-21.3869204621
9733.0078125,-22.8208725864
9819.140625,-23.3162361186
9905.2734375,-22.5646715477
9991.40625,-22.9389463515
10077.5390625,-25.5163112693
10163.671875,-28.0757279868
10249.8046875,-28.4209329499
10335.9375,-28.1761159762
10422.0703125,-28.6763154284
10508.203125,-28.9650291865
10594.3359375,-28.1071476112
10680.46875,-26.8768802524
10766.6015625,-25.942476684
10852.734375,-24.3730436282
10938.8671875,-23.3828331145
11025.0,-23.7234735407
11111.1328125,-24.2608221285
11197.265625,-25.2674399441
11283.3984375,-25.1968143706
11369.53125,-25.2060455445
11455.6640625,-26.2597470643
11541.796875,-25.3737246055
11627.9296875,-24.8350966496
11714.0625,-24.8724993495
11800.1953125,-24.8386802135
11886.328125,-24.9412282685
11972.4609375,-24.9143410791
12058.59375,-25.4402126651
12144.7265625,-25.3234822579
12230.859375,-25.707379363
12316.9921875,-25.9256761463
12403.125,-27.4640839878
12489.2578125,-30.6578196182
12575.390625,-30.948460035
12661.5234375,-30.106551248
12747.65625,-30.1606095079
12833.7890625,-29.5023466533
12919.921875,-29.2207799189
13006.0546875,-28.4380828679
13092.1875,-27.6279533298
13178.3203125,-27.5525529615
13264.453125,-27.8993503525
13350.5859375,-27.5184300452
13436.71875,-25.7122281779
13522.8515625,-24.9519168328
13608.984375,-24.5827166374
13695.1171875,-23.7467124176
13781.25,-23.3873851902
13867.3828125,-23.340596179
13953.515625,-23.9599271753
14039.6484375,-24.0646417871
14125.78125,-23.3355409291
14211.9140625,-23.0803552717
14298.046875,-23.2084769508
14384.1796875,-22.8309017255
14470.3125,-22.5610520408
14556.4453125,-22.6907790204
14642.578125,-22.895149977
14728.7109375,-22.5246241034
14814.84375,-21.987244072
14900.9765625,-21.7647869035
14987.109375,-21.8766912972
15073.2421875,-21.8929420967
15159.375,-22.7797966292
15245.5078125,-26.2326479204
15331.640625,-33.2270943108
15417.7734375,-41.2799985561
15503.90625,-41.6508854656
15590.0390625,-42.1098999444
15676.171875,-41.0543304344
15762.3046875,-41.6450851757
15848.4375,-42.1544504477
15934.5703125,-41.4430554946
16020.703125,-41.241166907
16106.8359375,-42.3666651998
16192.96875,-41.7722800119
16279.1015625,-41.0969702214
16365.234375,-41.4835986515
16451.3671875,-42.3930270127
16537.5,-41.9927409976
16623.6328125,-42.1872339397
16709.765625,-41.8420004955
16795.8984375,-41.7305091611
16882.03125,-41.7974452113
16968.1640625,-41.8472314559
17054.296875,-41.4974463696
17140.4296875,-41.230257004
17226.5625,-41.4072867577
17312.6953125,-42.0266944584
17398.828125,-42.1339330799
17484.9609375,-42.045590304
17571.09375,-41.6519913677
17657.2265625,-41.6949181231
17743.359375,-42.4126226221
17829.4921875,-42.2383061274
17915.625,-42.2457057643
18001.7578125,-41.4749111269
18087.890625,-41.8180946668
18174.0234375,-42.2160670233
18260.15625,-41.759267586
18346.2890625,-41.7268869121
18432.421875,-41.7706111419
18518.5546875,-41.5870556591
18604.6875,-41.8804621406
18690.8203125,-41.9009004807
18776.953125,-41.3505126868
18863.0859375,-41.3780898614
18949.21875,-41.5545602218
19035.3515625,-42.4379984854
19121.484375,-42.5947644153
19207.6171875,-42.0663660386
19293.75,-41.7608731599
19379.8828125,-42.1229543746
19466.015625,-42.1548951425
19552.1484375,-41.4450150987
19638.28125,-41.2848131308
19724.4140625,-41.7296642971
19810.546875,-42.2226454532
19896.6796875,-42.4708102735
19982.8125,-42.5245900394
20068.9453125,-42.3253190711
20155.078125,-41.650019662
20241.2109375,-41.3652193195
20327.34375,-41.6546532354
20413.4765625,-41.8560401717
20499.609375,-42.007022025
20585.7421875,-41.6386679006
20671.875,-41.5108408648
20758.0078125,-41.7408840382
20844.140625,-41.7018454471
20930.2734375,-41.7915678645
21016.40625,-41.9535598941
21102.5390625,-42.0795521191
21188.671875,-41.6098107101
21274.8046875,-41.5012385311
21360.9375,-41.944541109
21447.0703125,-41.7363109409
21533.203125,-41.2354648762
21619.3359375,-42.1559927784
21705.46875,-41.6070252597
21791.6015625,-41.4442554126
21877.734375,-41.5182782875
21963.8671875,-41.9480013791
22050.0,-43.6442314121
