growl
0.0,-6.80830294692
86.1328125,-5.45086429294
172.265625,-4.75017157014
258.3984375,-4.57806789143
344.53125,-4.08587755145
430.6640625,-4.53825786243
516.796875,-5.61237306334
602.9296875,-6.88963126597
689.0625,-6.72841982647
775.1953125,-5.60520607448
861.328125,-6.21916647706
947.4609375,-8.75932002245
1033.59375,-9.50662960794
1119.7265625,-9.65197025968
1205.859375,-9.58586026526
1291.9921875,-10.6399642996
1378.125,-12.508691522
1464.2578125,-13.6146168152
1550.390625,-12.6308577011
1636.5234375,-10.27559834
1722.65625,-9.67193240877
1808.7890625,-10.5512896121
1894.921875,-12.2479235787
1981.0546875,-12.2813814206
2067.1875,-10.9434837568
2153.3203125,-9.29216660491
2239.453125,-9.25839012561
2325.5859375,-9.8872748911
2411.71875,-10.6634052997
2497.8515625,-11.4658917649
2583.984375,-11.6269474607
2670.1171875,-12.2401899611
2756.25,-12.0612008236
2842.3828125,-10.3566556418
2928.515625,-8.66136949658
3014.6484375,-8.73773743406
3100.78125,-9.95132528408
3186.9140625,-10.1148697163
3273.046875,-11.1888514197
3359.1796875,-12.9301965547
3445.3125,-12.4826616018
3531.4453125,-11.3781274406
3617.578125,-11.3725970772
3703.7109375,-12.1302447567
3789.84375,-10.9607160123
3875.9765625,-10.3502530889
3962.109375,-10.349065673
4048.2421875,-10.0312954589
4134.375,-9.6126601813
4220.5078125,-9.07772057367
4306.640625,-8.61395085185
4392.7734375,-8.53011906416
4478.90625,-9.05302367859
4565.0390625,-10.2145365423
4651.171875,-10.368067051
4737.3046875,-11.0493765444
4823.4375,-10.8475109043
4909.5703125,-11.3150020236
4995.703125,-12.0417689928
5081.8359375,-12.6711154582
5167.96875,-12.5763185914
5254.1015625,-12.7501186004
5340.234375,-12.6694702634
5426.3671875,-13.1461054619
5512.5,-14.1871266338
5598.6328125,-15.5174772135
5684.765625,-17.280252403
5770.8984375,-20.3878064882
5857.03125,-24.7372808651
5943.1640625,-31.0695703029
6029.296875,-37.508280269
6115.4296875,-39.828351554
6201.5625,-41.4203910605
6287.6953125,-41.0368370274
6373.828125,-41.8419682434
6459.9609375,-41.5555828317
6546.09375,-41.7383418656
6632.2265625,-41.5122464952
6718.359375,-41.684059843
6804.4921875,-41.3288850813
6890.625,-41.7684978813
6976.7578125,-41.4637314993
7062.890625,-42.2066770345
7149.0234375,-42.1988183118
7235.15625,-41.9796184635
7321.2890625,-41.0999907033
7407.421875,-42.1862666503
7493.5546875,-41.6245239913
7579.6875,-41.3777920467
7665.8203125,-41.5431453961
7751.953125,-41.7972392572
7838.0859375,-41.8763213085
7924.21875,-41.4235893139
8010.3515625,-41.046216617
8096.484375,-41.3016973017
8182.6171875,-41.238023861
8268.75,-41.3909761883
8354.8828125,-41.7618578155
8441.015625,-41.7926452874
8527.1484375,-41.8729892864
8613.28125,-41.9354367349
8699.4140625,-42.0009411603
8785.546875,-41.9009813288
8871.6796875,-41.4534068067
8957.8125,-41.1269264806
9043.9453125,-41.1387810969
9130.078125,-41.7058332764
9216.2109375,-41.2971787361
9302.34375,-41.2186319815
9388.4765625,-42.2645218531
9474.609375,-41.9306066209
9560.7421875,-41.691585372
9646.875,-40.9680467542
9733.0078125,-41.0229783881
9819.140625,-41.1149950799
9905.2734375,-41.7073460409
9991.40625,-40.6005479701
10077.5390625,-40.3276161533
10163.671875,-40.2896560107
10249.8046875,-39.5245016458
10335.9375,-38.617142619
10422.0703125,-38.1529428385
10508.203125,-37.6797760515
10594.3359375,-37.3557644458
10680.46875,-37.1641897235
10766.6015625,-37.1557467608
10852.734375,-37.1900562921
10938.8671875,-37.6433505447
11025.0,-38.1500785856
11111.1328125,-38.0975472706
11197.265625,-37.42383052
11283.3984375,-37.1646363946
11369.53125,-38.0530090995
11455.6640625,-38.0116944775
11541.796875,-37.8700614113
11627.9296875,-38.181926496
11714.0625,-37.7011802788
11800.1953125,-38.0643077026
11886.328125,-38.8017565275
11972.4609375,-38.9443647802
12058.59375,-39.3948752429
12144.7265625,-39.75957424
12230.859375,-39.4138604275
12316.9921875,-39.8542679429
12403.125,-39.9915530678
12489.2578125,-39.7731203712
12575.390625,-39.4736470817
12661.5234375,-39.2629399728
12747.65625,-40.0476467255
12833.7890625,-39.7935552008
12919.921875,-39.89383515
13006.0546875,-40.3542816411
13092.1875,-39.6907696386
13178.3203125,-39.8657807173
13264.453125,-39.9838292167
13350.5859375,-40.2621990822
13436.71875,-39.704672674
13522.8515625,-39.7826278189
13608.984375,-39.8681184578
13695.1171875,-39.6031615482
13781.25,-39.832752196
13867.3828125,-39.7620782955
13953.515625,-39.7263133384
14039.6484375,-39.4805552001
14125.78125,-40.2481403787
14211.9140625,-40.1300282152
14298.046875,-39.695110837
14384.1796875,-39.8973482648
14470.3125,-39.558155858
14556.4453125,-39.393380671
14642.578125,-39.9005894227
14728.7109375,-40.1172319668
14814.84375,-39.7350908072
14900.9765625,-39.8861613784
14987.109375,-40.8798840391
15073.2421875,-39.6754979041
15159.375,-39.7023688215
15245.5078125,-39.4109635374
15331.640625,-39.3125711391
15417.7734375,-40.4342896914
15503.90625,-40.7364747474
15590.0390625,-40.0632567391
15676.171875,-40.2325407499
15762.3046875,-40.321478419
15848.4375,-39.9975539397
15934.5703125,-40.0002873537
16020.703125,-40.367312567
16106.8359375,-40.48380944
16192.96875,-39.5570448351
16279.1015625,-40.073237667
16365.234375,-40.313563009
16451.3671875,-39.6791516665
16537.5,-39.7638124388
16623.6328125,-40.8513698813
16709.765625,-40.3291446329
16795.8984375,-39.7475377944
16882.03125,-40.3353436019
16968.1640625,-40.598882584
17054.296875,-41.1706091094
17140.4296875,-41.5895543524
17226.5625,-41.8541490559
17312.6953125,-41.5335494373
17398.828125,-41.0225989276
17484.9609375,-41.5520640939
17571.09375,-41.8332180466
17657.2265625,-41.4311971225
17743.359375,-40.9745438161
17829.4921875,-41.4327187387
17915.625,-41.8531996018
18001.7578125,-42.517147735
18087.890625,-42.0928589309
18174.0234375,-42.0297971573
18260.15625,-41.6629327302
18346.2890625,-41.4893773612
18432.421875,-41.6352557464
18518.5546875,-41.6518401523
18604.6875,-41.5256657653
18690.8203125,-41.6603869662
18776.953125,-42.3385125081
18863.0859375,-42.2930203734
18949.21875,-42.1236094985
19035.3515625,-41.7440051325
19121.484375,-41.4185918845
19207.6171875,-41.028512075
19293.75,-41.2054255503
19379.8828125,-41.6767430217
19466.015625,-41.8888826693
19552.1484375,-41.3446744052
19638.28125,-41.52510871
19724.4140625,-41.8288215396
19810.546875,-42.1394497133
19896.6796875,-41.5108100523
19982.8125,-41.5239942733
20068.9453125,-41.9099445133
20155.078125,-42.6688257748
20241.2109375,-41.7134689505
20327.34375,-42.1984977882
20413.4765625,-42.600385506
20499.609375,-41.9281379189
20585.7421875,-41.5007996217
20671.875,-41.6196876203
20758.0078125,-41.5322462544
20844.140625,-41.4249687026
20930.2734375,-41.6288779966
21016.40625,-42.4135197298
21102.5390625,-42.3293268885
21188.671875,-41.8024332303
21274.8046875,-41.664594145
21360.9375,-41.9428777432
21447.0703125,-42.0230220743
21533.203125,-41.8149052104
21619.3359375,-42.1770239519
21705.46875,-41.5895950741
21791.6015625,-41.9309766218
21877.734375,-42.1210148621
21963.8671875,-42.1036608326
22050.0,-43.9350787654
