growl
0.0,-7.24234130336
86.1328125,-4.81761693357
172.265625,-4.76609806746
258.3984375,-5.53984185097
344.53125,-5.6325783122
430.6640625,-4.48579715456
516.796875,-4.02188614636
602.9296875,-4.33305145205
689.0625,-4.75745515936
775.1953125,-5.68820924376
861.328125,-6.02589659794
947.4609375,-6.3438554711
1033.59375,-7.72326836661
1119.7265625,-8.48531523373
1205.859375,-8.81424380245
1291.9921875,-8.36247151025
1378.125,-7.61693069684
1464.2578125,-7.71351609906
1550.390625,-7.8964261146
1636.5234375,-7.72587875238
1722.65625,-8.21804554556
1808.7890625,-7.68129857859
1894.921875,-7.65888607717
1981.0546875,-7.30727604174
2067.1875,-7.61443128877
2153.3203125,-8.0719844133
2239.453125,-8.77068830831
2325.5859375,-9.44934429796
2411.71875,-10.6581918839
2497.8515625,-11.3796966578
2583.984375,-11.5733483288
2670.1171875,-10.697023525
2756.25,-10.8611216769
2842.3828125,-11.4620451755
2928.515625,-11.361332648
3014.6484375,-11.1051889359
3100.78125,-10.8554672876
3186.9140625,-11.8853575506
3273.046875,-12.3122501207
3359.1796875,-11.8173326074
3445.3125,-11.5726933246
3531.4453125,-11.6187159801
3617.578125,-12.402006115
3703.7109375,-14.2032788237
3789.84375,-14.4656542952
3875.9765625,-16.0781337446
3962.109375,-14.4558347316
4048.2421875,-13.9370576713
4134.375,-13.9746730869
4220.5078125,-14.0963939778
4306.640625,-12.4984971038
4392.7734375,-11.9289157003
4478.90625,-13.3384912121
4565.0390625,-14.996335213
4651.171875,-15.0863287687
4737.3046875,-17.1648693174
4823.4375,-17.3521957306
4909.5703125,-16.6712075098
4995.703125,-14.8696491425
5081.8359375,-13.509671249
5167.96875,-13.1474881982
5254.1015625,-12.7651084381
5340.234375,-13.1658678269
5426.3671875,-13.6256414811
5512.5,-13.0755979532
5598.6328125,-13.776338337
5684.765625,-12.4735231494
5770.8984375,-11.9669718786
5857.03125,-12.8418488229
5943.1640625,-13.738972199
6029.296875,-14.0357279066
6115.4296875,-14.3439794837
6201.5625,-14.984264297
6287.6953125,-15.7295701374
6373.828125,-15.5631617522
6459.9609375,-14.5245457158
6546.09375,-14.3433836209
6632.2265625,-14.259583386
6718.359375,-13.6472903529
6804.4921875,-14.0395331804
6890.625,-14.0891654432
6976.7578125,-13.9419365436
7062.890625,-13.866428674
7149.0234375,-13.8916424692
7235.15625,-13.8432440556
7321.2890625,-13.6111479466
7407.421875,-12.9765421364
7493.5546875,-12.2777635918
7579.6875,-11.6862204271
7665.8203125,-12.1448946998
7751.953125,-13.6276844276
7838.0859375,-13.4767758008
7924.21875,-13.0591577089
8010.3515625,-13.7400249728
8096.484375,-14.8993522232
8182.6171875,-14.5791266107
8268.75,-14.8348586688
8354.8828125,-15.6847828642
8441.015625,-16.2837741525
8527.1484375,-18.3019614145
8613.28125,-18.3781413549
8699.4140625,-16.7862894472
8785.546875,-16.6457514356
8871.6796875,-16.0279099904
8957.8125,-15.2655110405
9043.9453125,-15.58599113
9130.078125,-15.6406121956
9216.2109375,-15.0577031648
9302.34375,-14.8225894601
9388.4765625,-13.6136516652
9474.609375,-13.4734006583
9560.7421875,-13.7517764399
9646.875,-13.875057615
9733.0078125,-13.9526724093
9819.140625,-13.8702874149
9905.2734375,-14.0626903727
9991.40625,-15.6708003528
10077.5390625,-16.615138065
10163.671875,-17.7544843904
10249.8046875,-17.780394375
10335.9375,-16.9451562393
10422.0703125,-17.112952108
10508.203125,-17.3439193097
10594.3359375,-17.3551373013
10680.46875,-16.9465726929
10766.6015625,-17.2419355285
10852.734375,-17.4793149952
10938.8671875,-16.9565483097
11025.0,-16.5367719598
11111.1328125,-17.296156175
11197.265625,-17.4847431096
11283.3984375,-16.7410343992
11369.53125,-17.3729083895
11455.6640625,-18.5099935942
11541.796875,-17.2238681471
11627.9296875,-16.826797167
11714.0625,-17.0677007555
11800.1953125,-17.5528698088
11886.328125,-16.9488296467
11972.4609375,-16.4734282531
12058.59375,-17.1146995428
12144.7265625,-16.7049768671
12230.859375,-16.4715588835
12316.9921875,-18.1865356893
12403.125,-18.8405630479
12489.2578125,-19.1007493964
12575.390625,-18.4060013357
12661.5234375,-17.1790358566
12747.65625,-16.964998878
12833.7890625,-16.265555421
12919.921875,-16.2744151711
13006.0546875,-16.4122135948
13092.1875,-15.8656854698
13178.3203125,-16.6319584487
13264.453125,-16.5249632647
13350.5859375,-15.7016367479
13436.71875,-16.0677405275
13522.8515625,-17.2056076788
13608.984375,-17.5845295309
13695.1171875,-16.6760116056
13781.25,-16.8231959638
13867.3828125,-17.7793636899
13953.515625,-17.2175596263
14039.6484375,-16.4819529366
14125.78125,-16.5399217105
14211.9140625,-16.6902399033
14298.046875,-16.4817053806
14384.1796875,-16.3421830392
14470.3125,-15.6380726066
14556.4453125,-15.8312370361
14642.578125,-16.3179654588
14728.7109375,-16.342589901
14814.84375,-15.9698753032
14900.9765625,-15.5466820624
14987.109375,-15.77757406
15073.2421875,-16.0133869561
15159.375,-17.1549916061
15245.5078125,-19.6075892388
15331.640625,-24.0260252434
15417.7734375,-26.2542105596
15503.90625,-26.7817389248
15590.0390625,-28.9793338507
15676.171875,-32.588716148
15762.3046875,-33.0042935267
15848.4375,-33.8820339816
15934.5703125,-38.8230135743
16020.703125,-41.5300408822
16106.8359375,-41.7592696562
16192.96875,-41.9494831587
16279.1015625,-42.2283593899
16365.234375,-42.0914783089
16451.3671875,-41.6576654377
16537.5,-42.4799993055
16623.6328125,-42.1936872323
16709.765625,-41.6945655756
16795.8984375,-41.5168841554
16882.03125,-42.0991608531
16968.1640625,-41.9899284447
17054.296875,-42.0160481992
17140.4296875,-42.0694737181
17226.5625,-41.7076732838
17312.6953125,-41.7393124492
17398.828125,-42.1334803845
17484.9609375,-41.3889541584
17571.09375,-41.3070434163
17657.2265625,-41.1824468645
17743.359375,-42.193092084
17829.4921875,-41.6008216386
17915.625,-41.2597710909
18001.7578125,-41.5958863957
18087.890625,-41.8944097316
18174.0234375,-41.8207233428
18260.15625,-42.2683653096
18346.2890625,-41.9243579789
18432.421875,-41.882080683
18518.5546875,-41.5909500531
18604.6875,-41.3679822034
18690.8203125,-41.7267142035
18776.953125,-42.4587269273
18863.0859375,-42.0384074132
18949.21875,-41.2583666287
19035.3515625,-41.6162552364
19121.484375,-41.415210513
19207.6171875,-41.034311499
19293.75,-41.7856408475
19379.8828125,-42.3984208427
19466.015625,-42.2466776672
19552.1484375,-41.436717793
19638.28125,-41.6726066087
19724.4140625,-41.6437104729
19810.546875,-41.9183048768
19896.6796875,-41.5177003237
19982.8125,-41.3729873209
20068.9453125,-41.2962248957
20155.078125,-41.2189377226
20241.2109375,-41.5684645301
20327.34375,-42.3883109414
20413.4765625,-41.869992338
20499.609375,-41.7467173223
20585.7421875,-41.6073072642
20671.875,-41.5655554219
20758.0078125,-41.9169977629
20844.140625,-41.77786812
20930.2734375,-41.8056787024
21016.40625,-41.4786042175
21102.5390625,-41.6267879123
21188.671875,-41.9573109275
21274.8046875,-41.9582693414
21360.9375,-41.5696493369
21447.0703125,-41.8355690762
21533.203125,-41.7398296826
21619.3359375,-41.4583047258
21705.46875,-41.4209389951
21791.6015625,-42.6758214384
21877.734375,-41.9718946931
21963.8671875,-41.223530105
22050.0,-43.5084148678
