growl
0.0,-7.02688023843
86.1328125,-5.22373229405
172.265625,-4.92848051871
258.3984375,-5.25501416452
344.53125,-6.26106222072
430.6640625,-6.0176848671
516.796875,-6.66802655093
602.9296875,-7.28649237618
689.0625,-7.97861655179
775.1953125,-9.28678021859
861.328125,-10.2318464005
947.4609375,-10.1043264819
1033.59375,-9.56610986521
1119.7265625,-9.10457032821
1205.859375,-8.99803933034
1291.9921875,-9.27988750877
1378.125,-10.1299693314
1464.2578125,-11.4861199823
1550.390625,-11.7878507061
1636.5234375,-10.9658698623
1722.65625,-11.3102644355
1808.7890625,-12.3988226661
1894.921875,-13.7806749167
1981.0546875,-15.427067064
2067.1875,-17.0227021967
2153.3203125,-17.195616238
2239.453125,-16.9772490854
2325.5859375,-16.4605140519
2411.71875,-16.2333748252
2497.8515625,-16.2373749666
2583.984375,-17.8939777798
2670.1171875,-20.0033237733
2756.25,-20.1753724727
2842.3828125,-20.5785335576
2928.515625,-20.2946413193
3014.6484375,-18.0175347267
3100.78125,-16.4839022007
3186.9140625,-17.4110623409
3273.046875,-19.0709053341
3359.1796875,-20.3446439183
3445.3125,-21.2571890351
3531.4453125,-21.8913925055
3617.578125,-21.7066785081
3703.7109375,-22.0222643386
3789.84375,-21.7404746244
3875.9765625,-22.2028320454
3962.109375,-22.5522600394
4048.2421875,-22.0483351749
4134.375,-20.4626385058
4220.5078125,-19.6608459131
4306.640625,-20.8140189811
4392.7734375,-23.099457129
4478.90625,-24.4147104519
4565.0390625,-24.382361606
4651.171875,-23.4793526147
4737.3046875,-23.1725846254
4823.4375,-23.5091762107
4909.5703125,-23.5939870206
4995.703125,-22.9525671047
5081.8359375,-22.2868771635
5167.96875,-21.7312036342
5254.1015625,-21.739882588
5340.234375,-21.3901463338
5426.3671875,-21.2522086094
5512.5,-21.3223720764
5598.6328125,-21.4079898163
5684.765625,-22.0069921204
5770.8984375,-22.7354081437
5857.03125,-22.5607536145
5943.1640625,-20.926655304
6029.296875,-19.3565124119
6115.4296875,-18.7209624693
6201.5625,-18.9945613308
6287.6953125,-20.0021578367
6373.828125,-20.4770088476
6459.9609375,-21.5366851145
6546.09375,-22.0139377771
6632.2265625,-22.8506108606
6718.359375,-22.9105489642
6804.4921875,-22.2018164054
6890.625,-21.838153337
6976.7578125,-22.1653659777
7062.890625,-22.2485071187
7149.0234375,-22.2144174049
7235.15625,-22.2024152819
7321.2890625,-22.0871020545
7407.421875,-22.2644775862
7493.5546875,-22.7677921074
7579.6875,-22.4794905983
7665.8203125,-22.2839400993
7751.953125,-22.123156803
7838.0859375,-23.0584586489
7924.21875,-23.3984518503
8010.3515625,-23.1743446829
8096.484375,-23.5610158798
8182.6171875,-23.6581061646
8268.75,-23.858041915
8354.8828125,-24.2263838655
8441.015625,-24.3156003075
8527.1484375,-24.3224059631
8613.28125,-23.4880088525
8699.4140625,-22.5079272566
8785.546875,-22.6134165419
8871.6796875,-22.6041347471
8957.8125,-22.4632131524
9043.9453125,-23.303410691
9130.078125,-23.3672017386
9216.2109375,-22.4532535867
9302.34375,-22.136633722
9388.4765625,-22.6997078428
9474.609375,-23.3598027848
9560.7421875,-23.5156163659
9646.875,-24.2633999295
9733.0078125,-25.5421933413
9819.140625,-26.2472439068
9905.2734375,-26.1522501723
9991.40625,-26.0094829249
10077.5390625,-26.3332926263
10163.671875,-27.9925120992
10249.8046875,-27.9633846491
10335.9375,-27.3792111871
10422.0703125,-28.6954222548
10508.203125,-29.6820156772
10594.3359375,-26.9015925723
10680.46875,-25.1806876375
10766.6015625,-25.0331243128
10852.734375,-25.48128805
10938.8671875,-25.5554236137
11025.0,-25.1769169921
11111.1328125,-25.2712564759
11197.265625,-25.5608572907
11283.3984375,-25.4532392402
11369.53125,-25.0633789306
11455.6640625,-25.5184579707
11541.796875,-25.6435341932
11627.9296875,-25.538711051
11714.0625,-25.2313266722
11800.1953125,-25.1971524541
11886.328125,-26.2008290917
11972.4609375,-25.9133421347
12058.59375,-26.1441223542
12144.7265625,-26.4491354486
12230.859375,-25.969422012
12316.9921875,-25.6173243807
12403.125,-25.632292712
12489.2578125,-25.8375466738
12575.390625,-25.6584641436
12661.5234375,-25.3243297469
12747.65625,-25.4417272345
12833.7890625,-25.2908109672
12919.921875,-25.3760066681
13006.0546875,-25.4961689349
13092.1875,-25.2687725499
13178.3203125,-25.3798289323
13264.453125,-25.5876033222
13350.5859375,-25.4463956969
13436.71875,-24.9478132083
13522.8515625,-24.9825251206
13608.984375,-24.6679701307
13695.1171875,-24.3414566782
13781.25,-24.560067301
13867.3828125,-24.7318220327
13953.515625,-25.0091619142
14039.6484375,-24.8994379128
14125.78125,-23.8992036507
14211.9140625,-23.6969647811
14298.046875,-23.6154940692
14384.1796875,-22.9093214202
14470.3125,-22.3771087838
14556.4453125,-22.9452340261
14642.578125,-23.6952768416
14728.7109375,-23.4891360585
14814.84375,-23.2624060181
14900.9765625,-23.7004711634
14987.109375,-24.1180798258
15073.2421875,-23.8855611615
15159.375,-24.5634025994
15245.5078125,-28.0271479171
15331.640625,-35.1073765359
15417.7734375,-41.3416187582
15503.90625,-41.5494676587
15590.0390625,-41.9292909924
15676.171875,-41.8926044986
15762.3046875,-41.5403937718
15848.4375,-41.4987962639
15934.5703125,-42.0062877324
16020.703125,-42.2547551266
16106.8359375,-41.8547547051
16192.96875,-41.9906686947
16279.1015625,-41.4990439157
16365.234375,-41.1840648256
16451.3671875,-41.1376355351
16537.5,-41.7805455092
16623.6328125,-42.1102943465
16709.765625,-42.3765166519
16795.8984375,-42.1023224484
16882.03125,-42.0313739571
16968.1640625,-41.8754488018
17054.296875,-41.7548565626
17140.4296875,-41.8779709955
17226.5625,-42.238822423
17312.6953125,-42.1864110858
17398.828125,-41.358391642
17484.9609375,-41.3939356969
17571.09375,-41.6632668818
17657.2265625,-41.8174042828
17743.359375,-41.8792076506
17829.4921875,-41.6970177216
17915.625,-41.7211212043
18001.7578125,-41.7301297279
18087.890625,-41.7538509293
18174.0234375,-41.5216371368
18260.15625,-41.7065930298
18346.2890625,-41.2451426706
18432.421875,-41.1348375301
18518.5546875,-41.4421245704
18604.6875,-41.6738077445
18690.8203125,-41.95215367
18776.953125,-41.4388570374
18863.0859375,-41.0476044678
18949.21875,-41.0026506918
19035.3515625,-41.4688203838
19121.484375,-41.5161807928
19207.6171875,-41.6885102179
19293.75,-42.173530977
19379.8828125,-41.3269838565
19466.015625,-41.3404279798
19552.1484375,-41.6235960531
19638.28125,-42.0298740387
19724.4140625,-41.2206822378
19810.546875,-41.192301718
19896.6796875,-41.460587547
19982.8125,-41.9289382957
20068.9453125,-41.8160719907
20155.078125,-42.3870503977
20241.2109375,-42.4163357292
20327.34375,-41.646100698
20413.4765625,-41.0505963512
20499.609375,-41.1047351414
20585.7421875,-41.5672645391
20671.875,-41.7740793269
20758.0078125,-42.0385226615
20844.140625,-41.6855649779
20930.2734375,-41.6606073357
21016.40625,-42.0441108704
21102.5390625,-41.5127452699
21188.671875,-41.3679179556
21274.8046875,-41.3537928897
21360.9375,-41.5332866915
21447.0703125,-41.351394373
21533.203125,-41.8526482732
21619.3359375,-41.5946644187
21705.46875,-41.5820276448
21791.6015625,-41.7155231181
21877.734375,-41.644743929
21963.8671875,-41.6079422626
22050.0,-43.4394215432
