growl
0.0,-7.428307474
86.1328125,-5.41588841438
172.265625,-5.03760791653
258.3984375,-5.53840049147
344.53125,-5.6793830394
430.6640625,-4.78563432196
516.796875,-5.10563370765
602.9296875,-5.40348736952
689.0625,-6.06115695909
775.1953125,-7.34461432993
861.328125,-8.80981545895
947.4609375,-9.69695618896
1033.59375,-10.0152951743
1119.7265625,-9.65987044439
1205.859375,-9.07708243035
1291.9921875,-8.52876743586
1378.125,-8.04805465881
1464.2578125,-8.31840590737
1550.390625,-9.15347382143
1636.5234375,-9.42362854694
1722.65625,-9.90993631588
1808.7890625,-9.25071068594
1894.921875,-9.15497649116
1981.0546875,-9.51559378322
2067.1875,-9.67049353251
2153.3203125,-11.1463915235
2239.453125,-12.3652958324
2325.5859375,-12.847976982
2411.71875,-12.9304541572
2497.8515625,-12.632435525
2583.984375,-13.1775539748
2670.1171875,-14.0873145617
2756.25,-14.7976054442
2842.3828125,-15.3086650507
2928.515625,-15.6749757282
3014.6484375,-15.0784460234
3100.78125,-14.6820456179
3186.9140625,-14.8610101993
3273.046875,-14.9456399315
3359.1796875,-13.9942680527
3445.3125,-13.1722822465
3531.4453125,-12.5724689003
3617.578125,-12.2087069131
3703.7109375,-11.8690927231
3789.84375,-12.8451939186
3875.9765625,-14.5012816018
3962.109375,-15.7675732289
4048.2421875,-15.3473718308
4134.375,-13.9487882598
4220.5078125,-12.7984193559
4306.640625,-12.5009290252
4392.7734375,-13.2947916146
4478.90625,-15.2827703719
4565.0390625,-16.4648074359
4651.171875,-16.5184704417
4737.3046875,-16.9045548688
4823.4375,-17.2825939993
4909.5703125,-17.7230359944
4995.703125,-18.4323403118
5081.8359375,-19.1165604162
5167.96875,-19.7242703053
5254.1015625,-20.2426676909
5340.234375,-19.7937745311
5426.3671875,-18.2446153216
5512.5,-17.9542369873
5598.6328125,-19.5523444151
5684.765625,-18.953233277
5770.8984375,-18.1007665291
5857.03125,-18.0921074104
5943.1640625,-17.8846754116
6029.296875,-16.8726608297
6115.4296875,-16.7399192872
6201.5625,-16.5538520346
6287.6953125,-16.3220956618
6373.828125,-16.7884287298
6459.9609375,-17.3411969152
6546.09375,-16.8798920561
6632.2265625,-16.7308353167
6718.359375,-17.4298041394
6804.4921875,-18.0367468768
6890.625,-18.0509639418
6976.7578125,-17.3751451667
7062.890625,-16.6435284106
7149.0234375,-16.4864534805
7235.15625,-15.6582105165
7321.2890625,-15.9441873217
7407.421875,-15.4985238372
7493.5546875,-15.8521171618
7579.6875,-16.5426529566
7665.8203125,-16.7431826282
7751.953125,-17.1514507409
7838.0859375,-17.194938182
7924.21875,-17.3075688741
8010.3515625,-18.4470620405
8096.484375,-20.7625034836
8182.6171875,-23.9507999337
8268.75,-24.5509763169
8354.8828125,-25.6939168972
8441.015625,-24.4095157912
8527.1484375,-23.8220641403
8613.28125,-22.4068313467
8699.4140625,-21.1874730945
8785.546875,-21.1312310495
8871.6796875,-20.5478970976
8957.8125,-19.0480008358
9043.9453125,-18.819328435
9130.078125,-19.1260194946
9216.2109375,-18.9790990606
9302.34375,-18.7249841437
9388.4765625,-18.2076409279
9474.609375,-18.3015316352
9560.7421875,-17.6213747323
9646.875,-17.3028742285
9733.0078125,-19.0471660166
9819.140625,-19.570666881
9905.2734375,-19.220379768
9991.40625,-19.7327506576
10077.5390625,-21.0154537384
10163.671875,-21.0773651132
10249.8046875,-21.6240861211
10335.9375,-22.2047180798
10422.0703125,-22.3016094537
10508.203125,-22.3085551046
10594.3359375,-21.9390903247
10680.46875,-21.4999551666
10766.6015625,-21.9810017099
10852.734375,-21.4293618149
10938.8671875,-20.8746023805
11025.0,-21.3036198112
11111.1328125,-21.4623239259
11197.265625,-21.3250933632
11283.3984375,-20.7975412862
11369.53125,-21.3342834265
11455.6640625,-22.085645999
11541.796875,-23.1039467868
11627.9296875,-22.5179189002
11714.0625,-21.5651747148
11800.1953125,-21.3286338969
11886.328125,-22.0270703727
11972.4609375,-22.2676065121
12058.59375,-22.7896559623
12144.7265625,-22.4892187289
12230.859375,-21.9191066975
12316.9921875,-21.5093998871
12403.125,-22.2093282457
12489.2578125,-22.9437445312
12575.390625,-23.209298458
12661.5234375,-24.1447763971
12747.65625,-24.8176359606
12833.7890625,-25.0734786377
12919.921875,-24.9164204647
13006.0546875,-23.6940514396
13092.1875,-23.1600613418
13178.3203125,-23.7198014388
13264.453125,-23.7389446798
13350.5859375,-22.3650609288
13436.71875,-21.3913801422
13522.8515625,-20.2622251098
13608.984375,-19.514021585
13695.1171875,-19.7979898197
13781.25,-19.2019561329
13867.3828125,-19.0884056671
13953.515625,-19.3291800296
14039.6484375,-18.9911219258
14125.78125,-17.7733078096
14211.9140625,-17.9505644953
14298.046875,-18.2550681668
14384.1796875,-17.8239243719
14470.3125,-18.3124574715
14556.4453125,-18.1143276217
14642.578125,-17.9607785464
14728.7109375,-18.5356761957
14814.84375,-18.1315560167
14900.9765625,-17.5942395016
14987.109375,-16.9504183551
15073.2421875,-17.5915236391
15159.375,-19.0424561839
15245.5078125,-21.6722495174
15331.640625,-25.2601740954
15417.7734375,-26.8228346204
15503.90625,-27.5185849443
15590.0390625,-25.671520355
15676.171875,-27.1093487848
15762.3046875,-29.1128156795
15848.4375,-29.8742380425
15934.5703125,-32.689328367
16020.703125,-39.3487444265
16106.8359375,-41.597585312
16192.96875,-42.2922032081
16279.1015625,-41.9643693417
16365.234375,-41.1101203752
16451.3671875,-41.4543902733
16537.5,-42.195689139
16623.6328125,-42.2208911292
16709.765625,-42.0324284988
16795.8984375,-41.9049276415
16882.03125,-41.8627703656
16968.1640625,-41.7411319449
17054.296875,-41.9844548645
17140.4296875,-42.0470972416
17226.5625,-41.9081316381
17312.6953125,-41.4748459314
17398.828125,-41.5270599457
17484.9609375,-41.8625485909
17571.09375,-41.8224753557
17657.2265625,-41.5823136602
17743.359375,-41.5017974883
17829.4921875,-41.7972258071
17915.625,-41.970682568
18001.7578125,-42.520031885
18087.890625,-41.9820826049
18174.0234375,-42.5513438805
18260.15625,-41.5808017557
18346.2890625,-40.9330416493
18432.421875,-41.1562615277
18518.5546875,-41.5473315188
18604.6875,-41.6021357731
18690.8203125,-41.5881555742
18776.953125,-41.7343966956
18863.0859375,-41.7748979602
18949.21875,-42.3384307066
19035.3515625,-41.8424971506
19121.484375,-41.4093076054
19207.6171875,-41.372310071
19293.75,-41.6457808365
19379.8828125,-41.9649575019
19466.015625,-41.904445119
19552.1484375,-42.1562756346
19638.28125,-42.0240445463
19724.4140625,-41.8352258661
19810.546875,-42.220770998
19896.6796875,-42.1822703548
19982.8125,-42.0258865728
20068.9453125,-41.1492478754
20155.078125,-41.4235989547
20241.2109375,-42.06818423
20327.34375,-41.9250776051
20413.4765625,-41.682674273
20499.609375,-42.0083290291
20585.7421875,-42.4726513786
20671.875,-42.3198524715
20758.0078125,-42.0359902618
20844.140625,-42.5423302633
20930.2734375,-41.8843221979
21016.40625,-41.8719062275
21102.5390625,-42.5418907155
21188.671875,-42.0446614822
21274.8046875,-41.329017499
21360.9375,-40.6922470926
21447.0703125,-41.2169206936
21533.203125,-41.9031366871
21619.3359375,-41.3742071614
21705.46875,-41.7842844921
21791.6015625,-42.1851097742
21877.734375,-41.9160284141
21963.8671875,-41.842908987
22050.0,-43.4518313169
