growl
0.0,-6.82430300236
86.1328125,-5.68109533496
172.265625,-5.49073002413
258.3984375,-6.01333120628
344.53125,-5.77948427157
430.6640625,-5.36872680263
516.796875,-5.79473117356
602.9296875,-5.04016635968
689.0625,-4.98595462023
775.1953125,-5.65773312477
861.328125,-6.64830047505
947.4609375,-8.67697972195
1033.59375,-9.9768033774
1119.7265625,-10.5127945883
1205.859375,-10.7977866759
1291.9921875,-10.3595787026
1378.125,-10.0714202089
1464.2578125,-10.8443336855
1550.390625,-11.3118394327
1636.5234375,-10.5132824256
1722.65625,-9.56450674999
1808.7890625,-10.2006538819
1894.921875,-10.9281760945
1981.0546875,-11.5055295941
2067.1875,-12.3183356408
2153.3203125,-12.1321198177
2239.453125,-11.6445810354
2325.5859375,-11.1394142256
2411.71875,-11.5308352867
2497.8515625,-12.0046097916
2583.984375,-11.4755299147
2670.1171875,-11.7136211121
2756.25,-11.5107436535
2842.3828125,-11.1883274138
2928.515625,-11.2874091538
3014.6484375,-11.0218253792
3100.78125,-10.6751988101
3186.9140625,-10.9968438098
3273.046875,-11.0474306866
3359.1796875,-11.259001109
3445.3125,-11.1167391378
3531.4453125,-11.0846500008
3617.578125,-11.645075411
3703.7109375,-12.3515291201
3789.84375,-12.1995294637
3875.9765625,-12.2831707071
3962.109375,-12.3808583331
4048.2421875,-12.3172519733
4134.375,-11.3878631429
4220.5078125,-10.9419264913
4306.640625,-10.9613893092
4392.7734375,-11.4009456741
4478.90625,-11.8953010433
4565.0390625,-12.6931207587
4651.171875,-13.8207794269
4737.3046875,-13.4142098015
4823.4375,-13.6130148701
4909.5703125,-13.9464956924
4995.703125,-13.9679957497
5081.8359375,-13.5115686716
5167.96875,-13.601837417
5254.1015625,-13.6209725459
5340.234375,-13.069979957
5426.3671875,-13.1460589199
5512.5,-14.6335496692
5598.6328125,-15.6708928764
5684.765625,-17.3536663233
5770.8984375,-21.087417736
5857.03125,-25.564253453
5943.1640625,-33.2123715117
6029.296875,-37.0728337175
6115.4296875,-38.4317233392
6201.5625,-38.8800162993
6287.6953125,-40.0057399982
6373.828125,-41.0555663778
6459.9609375,-39.9154130922
6546.09375,-39.7384649603
6632.2265625,-41.3461177936
6718.359375,-41.7532351197
6804.4921875,-41.4665062502
6890.625,-42.0141510071
6976.7578125,-41.7359639851
7062.890625,-41.8870610282
7149.0234375,-41.6375135367
7235.15625,-41.302124708
7321.2890625,-41.6128933633
7407.421875,-41.5420049229
7493.5546875,-41.3353366561
7579.6875,-41.4099828419
7665.8203125,-41.793475972
7751.953125,-41.2478145815
7838.0859375,-41.2930137161
7924.21875,-41.2240610613
8010.3515625,-41.4729397499
8096.484375,-41.9278594933
8182.6171875,-41.8123667003
8268.75,-41.5098307948
8354.8828125,-41.9944777278
8441.015625,-42.4440184559
8527.1484375,-41.9979977031
8613.28125,-41.77338532
8699.4140625,-41.0850660367
8785.546875,-41.0991845235
8871.6796875,-41.1183771722
8957.8125,-41.374452292
9043.9453125,-41.7611938101
9130.078125,-41.7876921007
9216.2109375,-41.5560552818
9302.34375,-41.2396134306
9388.4765625,-41.5915023999
9474.609375,-41.5871876257
9560.7421875,-41.4162937238
9646.875,-41.2192581817
9733.0078125,-40.5282548642
9819.140625,-40.5331793335
9905.2734375,-41.0573916692
9991.40625,-40.5362206067
10077.5390625,-40.4074947129
10163.671875,-40.5371803228
10249.8046875,-40.267979569
10335.9375,-39.9162827536
10422.0703125,-39.8573973533
10508.203125,-39.4988540317
10594.3359375,-39.4031323082
10680.46875,-39.0301277638
10766.6015625,-38.5758030353
10852.734375,-38.0097937186
10938.8671875,-38.5090224083
11025.0,-39.3741316597
11111.1328125,-39.3294251078
11197.265625,-39.423097812
11283.3984375,-39.5450132359
11369.53125,-39.2897743028
11455.6640625,-39.0011732426
11541.796875,-38.1652279014
11627.9296875,-38.5278210432
11714.0625,-38.647019824
11800.1953125,-38.9640938124
11886.328125,-38.8803800792
11972.4609375,-39.1963441827
12058.59375,-39.5122624965
12144.7265625,-39.6520724332
12230.859375,-39.1095556458
12316.9921875,-40.2093504378
12403.125,-40.4039389625
12489.2578125,-40.3301079328
12575.390625,-39.8674308808
12661.5234375,-40.0565815037
12747.65625,-40.7522000523
12833.7890625,-40.3863217579
12919.921875,-39.8204183286
13006.0546875,-39.9516887108
13092.1875,-40.146743568
13178.3203125,-39.6610971498
13264.453125,-39.4284494501
13350.5859375,-39.8589269305
13436.71875,-39.4182438794
13522.8515625,-39.6297644338
13608.984375,-39.8160918822
13695.1171875,-39.3495209251
13781.25,-39.3989055767
13867.3828125,-39.678475836
13953.515625,-39.9877420881
14039.6484375,-39.8489462913
14125.78125,-39.2704886872
14211.9140625,-39.4907612105
14298.046875,-40.3067388875
14384.1796875,-40.2286098983
14470.3125,-39.452162461
14556.4453125,-39.729360519
14642.578125,-39.9358958192
14728.7109375,-40.1018192558
14814.84375,-39.8157830154
14900.9765625,-39.041669339
14987.109375,-39.6199348912
15073.2421875,-39.5120559297
15159.375,-39.6113313264
15245.5078125,-40.4102849353
15331.640625,-40.2079960308
15417.7734375,-39.8211137446
15503.90625,-40.1547115189
15590.0390625,-40.0893054958
15676.171875,-40.4068819398
15762.3046875,-40.6245783008
15848.4375,-40.8057533452
15934.5703125,-40.309393685
16020.703125,-40.2439058978
16106.8359375,-39.8620626385
16192.96875,-39.5335709011
16279.1015625,-39.8697439787
16365.234375,-40.0949300389
16451.3671875,-40.4548337887
16537.5,-40.4110840849
16623.6328125,-40.7355748239
16709.765625,-41.2646440189
16795.8984375,-40.3525049938
16882.03125,-39.9558268267
16968.1640625,-39.8901339639
17054.296875,-40.252301805
17140.4296875,-40.5998145063
17226.5625,-41.3983253829
17312.6953125,-41.6570333449
17398.828125,-42.1570095664
17484.9609375,-41.4383198078
17571.09375,-42.1265654156
17657.2265625,-42.2359190184
17743.359375,-41.7792744753
17829.4921875,-41.9089339039
17915.625,-42.1675120993
18001.7578125,-41.6712030627
18087.890625,-41.7796810682
18174.0234375,-42.5410210002
18260.15625,-42.4100317708
18346.2890625,-41.7637438961
18432.421875,-41.6931431959
18518.5546875,-41.7812475708
18604.6875,-41.7370635338
18690.8203125,-41.9289246986
18776.953125,-42.2427766248
18863.0859375,-42.2582566398
18949.21875,-42.5559659514
19035.3515625,-42.277700258
19121.484375,-41.6729201158
19207.6171875,-42.0930540824
19293.75,-41.7734592476
19379.8828125,-41.3692439472
19466.015625,-41.6516660575
19552.1484375,-42.1141352071
19638.28125,-42.1581791271
19724.4140625,-42.0653454942
19810.546875,-41.8006906209
19896.6796875,-41.54874561
19982.8125,-41.6485224127
20068.9453125,-41.562941009
20155.078125,-41.0585011497
20241.2109375,-41.866541723
20327.34375,-41.5853126742
20413.4765625,-41.5012866809
20499.609375,-41.9206898192
20585.7421875,-41.2065053102
20671.875,-41.1280391134
20758.0078125,-41.6074175068
20844.140625,-41.6416357405
20930.2734375,-41.939555863
21016.40625,-41.7555892515
21102.5390625,-41.6590143532
21188.671875,-41.9894303435
21274.8046875,-41.274186581
21360.9375,-41.1116654323
21447.0703125,-41.5131690404
21533.203125,-41.503051489
21619.3359375,-41.8845385756
21705.46875,-41.7525349825
21791.6015625,-41.6877725981
21877.734375,-41.6332617355
21963.8671875,-41.7614960145
22050.0,-43.4644056852
