growl
0.0,-9.33705218705
86.1328125,-7.57793960209
172.265625,-7.14495613871
258.3984375,-6.734108893
344.53125,-6.37996886413
430.6640625,-6.26363730338
516.796875,-5.19897553683
602.9296875,-4.69854971698
689.0625,-4.75502303168
775.1953125,-6.12289273219
861.328125,-8.1299824949
947.4609375,-9.34569642134
1033.59375,-11.1146444317
1119.7265625,-11.6168110852
1205.859375,-11.804104315
1291.9921875,-11.5064900384
1378.125,-9.92953967434
1464.2578125,-7.98214166531
1550.390625,-7.24080790594
1636.5234375,-7.93488455443
1722.65625,-10.5520443925
1808.7890625,-12.7610777511
1894.921875,-12.5279494105
1981.0546875,-11.6676442437
2067.1875,-11.2212309361
2153.3203125,-10.0697376217
2239.453125,-8.44731743554
2325.5859375,-8.54006809749
2411.71875,-9.7252862382
2497.8515625,-11.4192616668
2583.984375,-13.2736191933
2670.1171875,-12.7740425705
2756.25,-12.1088616733
2842.3828125,-11.9792755004
2928.515625,-12.4537819329
3014.6484375,-13.2500709153
3100.78125,-15.3460927821
3186.9140625,-15.9580207938
3273.046875,-17.2889318707
3359.1796875,-16.5858814886
3445.3125,-15.9958678473
3531.4453125,-15.3996091916
3617.578125,-15.3906458045
3703.7109375,-15.755850466
3789.84375,-16.8506248673
3875.9765625,-17.8811865858
3962.109375,-18.6762040815
4048.2421875,-18.73926632
4134.375,-18.6866570977
4220.5078125,-18.817611543
4306.640625,-19.1661644181
4392.7734375,-19.381170547
4478.90625,-18.8849891868
4565.0390625,-18.3320990887
4651.171875,-17.3977425658
4737.3046875,-17.5447109066
4823.4375,-18.3368880697
4909.5703125,-18.8905778477
4995.703125,-19.169713173
5081.8359375,-19.3094549002
5167.96875,-19.9633806799
5254.1015625,-20.2833178652
5340.234375,-19.5290512128
5426.3671875,-19.5367518626
5512.5,-19.3428375992
5598.6328125,-18.6077238286
5684.765625,-17.6486879934
5770.8984375,-17.0575294611
5857.03125,-17.2796670707
5943.1640625,-17.4848944736
6029.296875,-18.1767152408
6115.4296875,-18.3281396825
6201.5625,-17.9866607267
6287.6953125,-17.9647180955
6373.828125,-18.5493332873
6459.9609375,-18.5683911628
6546.09375,-18.0324383242
6632.2265625,-18.8645520603
6718.359375,-19.3020812868
6804.4921875,-18.7551268143
6890.625,-19.0645107276
6976.7578125,-18.7934984694
7062.890625,-18.9186166527
7149.0234375,-19.5014327211
7235.15625,-20.1918670223
7321.2890625,-19.7153509922
7407.421875,-19.8409354101
7493.5546875,-19.9313617669
7579.6875,-19.6044422661
7665.8203125,-19.6804575361
7751.953125,-20.3902975699
7838.0859375,-20.947848321
7924.21875,-20.9620639928
8010.3515625,-19.8698408365
8096.484375,-19.6823493154
8182.6171875,-20.1861317278
8268.75,-20.4706559924
8354.8828125,-19.9922411783
8441.015625,-19.6737862599
8527.1484375,-19.5485917116
8613.28125,-19.1952400191
8699.4140625,-19.1392770771
8785.546875,-19.3086579805
8871.6796875,-19.8174706908
8957.8125,-19.9418067294
9043.9453125,-19.0956607435
9130.078125,-19.4665556024
9216.2109375,-19.5452572859
9302.34375,-19.6817842575
9388.4765625,-19.2067658896
9474.609375,-19.6077333434
9560.7421875,-19.2929030522
9646.875,-19.5300251074
9733.0078125,-19.9477879944
9819.140625,-19.2958336087
9905.2734375,-19.4517238694
9991.40625,-20.1090019078
10077.5390625,-19.1963529709
10163.671875,-18.9049711201
10249.8046875,-19.5077491504
10335.9375,-20.9514901858
10422.0703125,-23.0703896514
10508.203125,-27.3514150961
10594.3359375,-30.1367903424
10680.46875,-32.1377293473
10766.6015625,-32.986188139
10852.734375,-35.3795846881
10938.8671875,-35.5195770987
11025.0,-37.0444566969
11111.1328125,-41.4961429508
11197.265625,-40.9621199361
11283.3984375,-39.4046704912
11369.53125,-39.3064899123
11455.6640625,-38.3426043605
11541.796875,-40.6303620509
11627.9296875,-41.415972966
11714.0625,-40.6042223962
11800.1953125,-40.4679149635
11886.328125,-39.6630175363
11972.4609375,-38.9416195781
12058.59375,-38.9660810968
12144.7265625,-38.5173508011
12230.859375,-38.0275757422
12316.9921875,-37.5860103007
12403.125,-37.066025923
12489.2578125,-36.2452680004
12575.390625,-37.3702320364
12661.5234375,-37.480422767
12747.65625,-37.4390246221
12833.7890625,-37.0924019826
12919.921875,-37.4741754594
13006.0546875,-37.2021409815
13092.1875,-37.5445987968
13178.3203125,-36.5082145685
13264.453125,-36.566941689
13350.5859375,-36.3683125663
13436.71875,-36.72529488
13522.8515625,-36.4810409668
13608.984375,-37.4883587413
13695.1171875,-36.9186026785
13781.25,-36.451488893
13867.3828125,-36.0282030838
13953.515625,-36.1877992402
14039.6484375,-36.1244051592
14125.78125,-36.1115400641
14211.9140625,-36.2465593833
14298.046875,-36.9877412176
14384.1796875,-36.6593207862
14470.3125,-36.8937203828
14556.4453125,-36.3282233936
14642.578125,-36.9516484927
14728.7109375,-36.8447525163
14814.84375,-37.063916699
14900.9765625,-37.1508797207
14987.109375,-37.2422662649
15073.2421875,-36.7729557775
15159.375,-38.0847519395
15245.5078125,-37.4756403557
15331.640625,-37.6780561682
15417.7734375,-38.4190695316
15503.90625,-37.9010954317
15590.0390625,-37.6536341753
15676.171875,-37.7923565745
15762.3046875,-38.9444980966
15848.4375,-41.5448574598
15934.5703125,-42.1437700725
16020.703125,-41.9526455127
16106.8359375,-41.7377306573
16192.96875,-41.9981972995
16279.1015625,-41.9904053934
16365.234375,-42.0674032682
16451.3671875,-41.6797030965
16537.5,-41.6701748822
16623.6328125,-41.3657952961
16709.765625,-41.218351434
16795.8984375,-41.9555705547
16882.03125,-42.3008092781
16968.1640625,-41.9698730153
17054.296875,-42.038434831
17140.4296875,-41.4892694532
17226.5625,-41.6070600562
17312.6953125,-41.3803615147
17398.828125,-41.651962318
17484.9609375,-41.5297469869
17571.09375,-41.5648813164
17657.2265625,-41.4781518348
17743.359375,-41.8130145657
17829.4921875,-41.9116330368
17915.625,-41.8180722382
18001.7578125,-41.4370181216
18087.890625,-41.7551268932
18174.0234375,-42.3641964538
18260.15625,-42.1619778145
18346.2890625,-42.3954484533
18432.421875,-42.145523335
18518.5546875,-41.6639732631
18604.6875,-41.7148531735
18690.8203125,-42.2258097569
18776.953125,-42.4107907951
18863.0859375,-41.6396132278
18949.21875,-41.8513847479
19035.3515625,-41.712260307
19121.484375,-41.6874811789
19207.6171875,-41.8439867936
19293.75,-41.2915994141
19379.8828125,-41.7499779586
19466.015625,-41.4990140555
19552.1484375,-42.006098235
19638.28125,-41.3917842017
19724.4140625,-41.4940752873
19810.546875,-42.1079914644
19896.6796875,-41.6459584793
19982.8125,-41.4380615694
20068.9453125,-41.2422549384
20155.078125,-41.3878484178
20241.2109375,-42.019883201
20327.34375,-42.1690346822
20413.4765625,-42.4332652704
20499.609375,-42.0092202953
20585.7421875,-41.8780129653
20671.875,-41.7727847116
20758.0078125,-41.9702154867
20844.140625,-42.0230335429
20930.2734375,-41.9868146925
21016.40625,-41.6497794055
21102.5390625,-41.7442802232
21188.671875,-41.3274382367
21274.8046875,-42.0247882578
21360.9375,-41.8336245659
21447.0703125,-41.4693951108
21533.203125,-41.5155356533
21619.3359375,-41.6110688063
21705.46875,-41.7059975987
21791.6015625,-41.6984536452
21877.734375,-41.9383316442
21963.8671875,-41.8537338905
22050.0,-42.8794546083
