growl
0.0,-6.75274617425
86.1328125,-5.38595307298
172.265625,-5.529343773
258.3984375,-6.36210869895
344.53125,-6.39148871037
430.6640625,-5.98153515933
516.796875,-6.84530483578
602.9296875,-8.26705731564
689.0625,-8.64625003612
775.1953125,-7.15748077954
861.328125,-7.18572596283
947.4609375,-9.38582322027
1033.59375,-11.1921047325
1119.7265625,-11.1722587363
1205.859375,-10.9563928312
1291.9921875,-10.6135097693
1378.125,-11.2125888461
1464.2578125,-12.2311393456
1550.390625,-12.263211115
1636.5234375,-10.2460923142
1722.65625,-9.91104217611
1808.7890625,-11.1388505097
1894.921875,-11.9488946381
1981.0546875,-12.0129778092
2067.1875,-11.9999666345
2153.3203125,-11.4638016046
2239.453125,-10.3228966129
2325.5859375,-10.2820233074
2411.71875,-11.3483299467
2497.8515625,-12.1817188684
2583.984375,-12.2416302225
2670.1171875,-12.8016011503
2756.25,-13.2421143464
2842.3828125,-13.0013930147
2928.515625,-12.7514310584
3014.6484375,-11.9043163063
3100.78125,-11.2013024405
3186.9140625,-11.3462075807
3273.046875,-11.8995154029
3359.1796875,-11.1026210346
3445.3125,-10.9750848402
3531.4453125,-12.2081621355
3617.578125,-13.4595453026
3703.7109375,-14.18531135
3789.84375,-13.982287026
3875.9765625,-13.1176110434
3962.109375,-12.6004703725
4048.2421875,-11.4035777456
4134.375,-10.1786030906
4220.5078125,-10.2376535868
4306.640625,-10.437073918
4392.7734375,-9.79675133198
4478.90625,-9.64540589551
4565.0390625,-10.7709727196
4651.171875,-12.6634254971
4737.3046875,-13.903424191
4823.4375,-14.0393189355
4909.5703125,-14.3300589749
4995.703125,-14.2255618115
5081.8359375,-14.2813285398
5167.96875,-13.9845758352
5254.1015625,-13.4659314712
5340.234375,-13.4607639657
5426.3671875,-14.1266860656
5512.5,-15.685779763
5598.6328125,-16.9036969122
5684.765625,-18.4629909597
5770.8984375,-21.3668901931
5857.03125,-25.3881547548
5943.1640625,-31.3590564947
6029.296875,-32.8109977131
6115.4296875,-34.7622766039
6201.5625,-36.5488838128
6287.6953125,-37.5767137156
6373.828125,-38.3023786496
6459.9609375,-38.4171806884
6546.09375,-38.4605218518
6632.2265625,-39.8451273079
6718.359375,-40.9691405592
6804.4921875,-40.8766441343
6890.625,-40.8740669965
6976.7578125,-41.3236528421
7062.890625,-41.5269058572
7149.0234375,-40.3288754657
7235.15625,-39.6322326183
7321.2890625,-40.578677154
7407.421875,-41.4821294016
7493.5546875,-40.1037563364
7579.6875,-40.7625633254
7665.8203125,-41.1278299601
7751.953125,-41.1095674917
7838.0859375,-41.0313550063
7924.21875,-40.9224900388
8010.3515625,-41.3976760308
8096.484375,-42.5292836193
8182.6171875,-41.6507347469
8268.75,-40.6046309233
8354.8828125,-40.9276090807
8441.015625,-40.9848186189
8527.1484375,-40.8989609571
8613.28125,-41.550332151
8699.4140625,-41.018516136
8785.546875,-40.8668091849
8871.6796875,-40.9465159563
8957.8125,-40.988286871
9043.9453125,-40.7409781106
9130.078125,-41.6030471389
9216.2109375,-41.5529132314
9302.34375,-41.2478583335
9388.4765625,-41.5730662607
9474.609375,-41.4381094505
9560.7421875,-40.942435547
9646.875,-40.6902933946
9733.0078125,-40.4060665552
9819.140625,-41.4624945306
9905.2734375,-41.4063563376
9991.40625,-40.740238652
10077.5390625,-40.6264865444
10163.671875,-40.3303850009
10249.8046875,-40.4014461634
10335.9375,-39.8993369017
10422.0703125,-39.4750732239
10508.203125,-39.738247105
10594.3359375,-39.5084949946
10680.46875,-39.7483100727
10766.6015625,-39.1540880218
10852.734375,-38.3846349647
10938.8671875,-38.3886845221
11025.0,-39.2334296212
11111.1328125,-38.6013607058
11197.265625,-38.8367633141
11283.3984375,-39.1199068217
11369.53125,-38.9944460979
11455.6640625,-39.1007423867
11541.796875,-39.229217262
11627.9296875,-39.6745888062
11714.0625,-40.1554992364
11800.1953125,-40.4197556867
11886.328125,-39.5827991105
11972.4609375,-39.1835787977
12058.59375,-39.4826991947
12144.7265625,-40.5131328575
12230.859375,-40.009685537
12316.9921875,-39.2957938994
12403.125,-39.963123031
12489.2578125,-40.348285994
12575.390625,-40.1820160637
12661.5234375,-40.5367793447
12747.65625,-40.3850305941
12833.7890625,-40.2273744052
12919.921875,-40.1200028564
13006.0546875,-39.9307538383
13092.1875,-39.9053758647
13178.3203125,-40.6156612246
13264.453125,-39.8147087188
13350.5859375,-40.0009010076
13436.71875,-40.3790135206
13522.8515625,-40.6027629095
13608.984375,-40.0566178845
13695.1171875,-39.8721419238
13781.25,-39.5122024472
13867.3828125,-39.7382728948
13953.515625,-39.9050320116
14039.6484375,-40.0766351316
14125.78125,-39.8846719012
14211.9140625,-39.5209198665
14298.046875,-39.6372606443
14384.1796875,-39.6707886407
14470.3125,-39.3827932855
14556.4453125,-39.5209090746
14642.578125,-39.8415844347
14728.7109375,-40.1309434769
14814.84375,-40.1329634314
14900.9765625,-40.0737000955
14987.109375,-40.01364829
15073.2421875,-40.8801646241
15159.375,-40.3504030178
15245.5078125,-39.3833283556
15331.640625,-39.489349435
15417.7734375,-39.7183583835
15503.90625,-39.7412534766
15590.0390625,-39.8683979859
15676.171875,-39.8241262152
15762.3046875,-39.7373692861
15848.4375,-39.6077634396
15934.5703125,-40.1416047208
16020.703125,-40.4716711754
16106.8359375,-39.72498228
16192.96875,-39.3593777764
16279.1015625,-39.848478861
16365.234375,-40.7027926291
16451.3671875,-40.6539678014
16537.5,-39.8695335571
16623.6328125,-40.3228952313
16709.765625,-41.2353534927
16795.8984375,-40.6562750521
16882.03125,-40.7204638073
16968.1640625,-40.3200880113
17054.296875,-39.848651587
17140.4296875,-40.4353691528
17226.5625,-41.0019229056
17312.6953125,-41.3348126662
17398.828125,-41.9647058535
17484.9609375,-42.5766032837
17571.09375,-42.3809848212
17657.2265625,-42.0498984678
17743.359375,-41.9537230499
17829.4921875,-42.0862071885
17915.625,-41.6241092333
18001.7578125,-41.0204744945
18087.890625,-41.8345284271
18174.0234375,-42.0856546016
18260.15625,-41.8236950984
18346.2890625,-41.9018648194
18432.421875,-41.5286629034
18518.5546875,-41.5823078414
18604.6875,-41.6736313889
18690.8203125,-41.6873123562
18776.953125,-42.4280262694
18863.0859375,-41.8566897658
18949.21875,-41.4805168959
19035.3515625,-41.3625387197
19121.484375,-41.2527933925
19207.6171875,-41.3814834219
19293.75,-41.5044868006
19379.8828125,-42.373608507
19466.015625,-42.3221531715
19552.1484375,-41.6083217639
19638.28125,-41.6490779608
19724.4140625,-42.7606967101
19810.546875,-42.2828240348
19896.6796875,-41.4538098529
19982.8125,-41.5801550496
20068.9453125,-42.0137116625
20155.078125,-42.1475118102
20241.2109375,-41.4542295236
20327.34375,-42.1700347317
20413.4765625,-42.2997519455
20499.609375,-42.0308696358
20585.7421875,-42.5216967204
20671.875,-42.5344705391
20758.0078125,-42.2410307416
20844.140625,-42.0134888247
20930.2734375,-42.0282356558
21016.40625,-41.5034773437
21102.5390625,-41.4310339672
21188.671875,-42.2594060145
21274.8046875,-41.9618434915
21360.9375,-41.8926570154
21447.0703125,-41.8940005841
21533.203125,-42.0263577808
21619.3359375,-41.8599950809
21705.46875,-41.6479037697
21791.6015625,-42.5133522037
21877.734375,-42.1157164482
21963.8671875,-41.7811741033
22050.0,-42.6877613978
