growl
0.0,-9.15613820073
86.1328125,-7.60399953217
172.265625,-7.13006926852
258.3984375,-6.61290565951
344.53125,-6.16013139219
430.6640625,-6.59976952576
516.796875,-6.50072140222
602.9296875,-5.70344514853
689.0625,-5.42784324579
775.1953125,-6.52370399658
861.328125,-8.32328171803
947.4609375,-9.59543528045
1033.59375,-10.7996870012
1119.7265625,-11.69636014
1205.859375,-11.9871894562
1291.9921875,-11.1462350477
1378.125,-9.5691903685
1464.2578125,-7.98946077541
1550.390625,-7.42573471844
1636.5234375,-8.36324411959
1722.65625,-11.3243110431
1808.7890625,-12.8292549032
1894.921875,-13.3170623532
1981.0546875,-12.639712431
2067.1875,-12.1856084913
2153.3203125,-10.8770303664
2239.453125,-9.62067673908
2325.5859375,-9.51991742267
2411.71875,-9.92939785952
2497.8515625,-11.6406461222
2583.984375,-13.62689859
2670.1171875,-13.6501080221
2756.25,-12.8163400875
2842.3828125,-12.9136031632
2928.515625,-13.6073934549
3014.6484375,-15.0198623245
3100.78125,-15.9640112692
3186.9140625,-16.5235583258
3273.046875,-17.2855682704
3359.1796875,-18.185489886
3445.3125,-17.9150706941
3531.4453125,-17.723522389
3617.578125,-17.0916095387
3703.7109375,-17.4840223305
3789.84375,-18.2534475336
3875.9765625,-18.1887081368
3962.109375,-18.2530993751
4048.2421875,-18.9273756927
4134.375,-19.0393365196
4220.5078125,-18.2234769363
4306.640625,-17.6057308274
4392.7734375,-18.0394241838
4478.90625,-18.3994065582
4565.0390625,-18.0504857182
4651.171875,-17.0949654362
4737.3046875,-17.4027675176
4823.4375,-18.7624870591
4909.5703125,-18.3715436705
4995.703125,-19.0385669592
5081.8359375,-19.5811051966
5167.96875,-19.4661572585
5254.1015625,-19.6582952809
5340.234375,-19.6923245207
5426.3671875,-19.2089747293
5512.5,-19.0468407991
5598.6328125,-18.053329548
5684.765625,-17.1834907999
5770.8984375,-16.862550325
5857.03125,-16.9617490832
5943.1640625,-17.6698656839
6029.296875,-18.1186647966
6115.4296875,-17.7311174066
6201.5625,-18.266541633
6287.6953125,-18.1265242158
6373.828125,-18.6225494785
6459.9609375,-18.8914905422
6546.09375,-19.0251485034
6632.2265625,-18.806225964
6718.359375,-18.6802843084
6804.4921875,-19.2305786411
6890.625,-19.5431374354
6976.7578125,-19.5674867471
7062.890625,-18.9932235039
7149.0234375,-19.2790455241
7235.15625,-19.579671893
7321.2890625,-19.0508211714
7407.421875,-19.2667714371
7493.5546875,-20.2015765822
7579.6875,-19.5673851183
7665.8203125,-19.1268048152
7751.953125,-20.1798229828
7838.0859375,-20.5314166671
7924.21875,-20.2743217629
8010.3515625,-19.5403187904
8096.484375,-19.4808936733
8182.6171875,-19.5914752167
8268.75,-19.9928494045
8354.8828125,-20.3178854076
8441.015625,-20.0742638549
8527.1484375,-19.9903997513
8613.28125,-20.0061935933
8699.4140625,-19.2533036703
8785.546875,-19.0601584528
8871.6796875,-19.2683714216
8957.8125,-19.2239027862
9043.9453125,-18.9162598414
9130.078125,-19.0640389293
9216.2109375,-19.6204030991
9302.34375,-19.6707362242
9388.4765625,-19.4963886496
9474.609375,-19.1974000556
9560.7421875,-18.948413113
9646.875,-18.4798539745
9733.0078125,-18.3152362525
9819.140625,-18.7649190763
9905.2734375,-18.6779449364
9991.40625,-19.3249161926
10077.5390625,-19.0799109202
10163.671875,-19.1668138744
10249.8046875,-19.6663897527
10335.9375,-20.6666175771
10422.0703125,-23.0299921762
10508.203125,-27.2669704058
10594.3359375,-29.9752188799
10680.46875,-32.962460611
10766.6015625,-34.1491139678
10852.734375,-35.5660007486
10938.8671875,-35.8731688737
11025.0,-38.6724636445
11111.1328125,-41.8788686572
11197.265625,-42.210142059
11283.3984375,-41.7691788899
11369.53125,-42.5831839728
11455.6640625,-42.0899161475
11541.796875,-41.7665417371
11627.9296875,-41.0704897204
11714.0625,-40.1818495826
11800.1953125,-40.562520746
11886.328125,-40.8260247939
11972.4609375,-41.1173935329
12058.59375,-41.1122806134
12144.7265625,-40.3794033726
12230.859375,-41.3152058034
12316.9921875,-41.2935394341
12403.125,-39.6680552891
12489.2578125,-38.6394500697
12575.390625,-38.270784213
12661.5234375,-38.9535231823
12747.65625,-39.6300121834
12833.7890625,-39.9215204548
12919.921875,-39.342525009
13006.0546875,-39.0581382327
13092.1875,-39.3410138268
13178.3203125,-37.9023568845
13264.453125,-38.0208789639
13350.5859375,-38.561029801
13436.71875,-38.0766898099
13522.8515625,-37.4405339785
13608.984375,-37.4502718598
13695.1171875,-38.3832209023
13781.25,-37.4800330898
13867.3828125,-36.5945919046
13953.515625,-36.4305801301
14039.6484375,-36.5667128511
14125.78125,-37.0233171653
14211.9140625,-37.3382052857
14298.046875,-37.5318038653
14384.1796875,-36.8319234969
14470.3125,-36.7176201292
14556.4453125,-37.6662146967
14642.578125,-37.3588980339
14728.7109375,-37.0897888938
14814.84375,-36.6706368768
14900.9765625,-36.615625873
14987.109375,-36.7934161263
15073.2421875,-36.9491540175
15159.375,-37.408727991
15245.5078125,-39.5479859895
15331.640625,-39.1473102704
15417.7734375,-38.9101580509
15503.90625,-39.5542149511
15590.0390625,-38.9682760324
15676.171875,-39.6904440618
15762.3046875,-41.8045028026
15848.4375,-42.2557571896
15934.5703125,-41.7455865146
16020.703125,-41.6961513415
16106.8359375,-43.0238667177
16192.96875,-41.9544613884
16279.1015625,-41.9149071087
16365.234375,-42.2644481114
16451.3671875,-42.3075976924
16537.5,-41.7000752278
16623.6328125,-41.5969279859
16709.765625,-41.1522501461
16795.8984375,-41.1682089494
16882.03125,-42.5118082966
16968.1640625,-42.294222941
17054.296875,-41.87184234
17140.4296875,-42.0280209784
17226.5625,-41.9105067142
17312.6953125,-41.6899492437
17398.828125,-41.3774395316
17484.9609375,-41.3305719415
17571.09375,-41.867043856
17657.2265625,-42.1702455599
17743.359375,-42.0502747962
17829.4921875,-42.0600194754
17915.625,-42.306680128
18001.7578125,-42.0283498132
18087.890625,-41.7171622104
18174.0234375,-42.0379763621
18260.15625,-42.3815645436
18346.2890625,-41.3670733552
18432.421875,-41.4588085294
18518.5546875,-41.4802374686
18604.6875,-41.8282329642
18690.8203125,-42.3659550094
18776.953125,-42.3262591266
18863.0859375,-41.9341174634
18949.21875,-41.7804067879
19035.3515625,-41.7514757952
19121.484375,-41.7259943657
19207.6171875,-41.7235777556
19293.75,-41.0149700222
19379.8828125,-41.5710332188
19466.015625,-41.8961669204
19552.1484375,-41.3633512487
19638.28125,-41.6380078615
19724.4140625,-41.605154251
19810.546875,-41.2679133753
19896.6796875,-41.8373710401
19982.8125,-41.6548767995
20068.9453125,-41.926810483
20155.078125,-42.4017304422
20241.2109375,-42.1316755331
20327.34375,-41.7297951567
20413.4765625,-42.1605404099
20499.609375,-42.0324126428
20585.7421875,-41.9898639172
20671.875,-41.2225970641
20758.0078125,-41.4611661229
20844.140625,-41.8701142671
20930.2734375,-41.7575087343
21016.40625,-41.7093107961
21102.5390625,-42.3293318102
21188.671875,-42.5176367137
21274.8046875,-42.4707278304
21360.9375,-42.3656204097
21447.0703125,-41.6139718557
21533.203125,-41.0353627012
21619.3359375,-41.5723373
21705.46875,-41.5095877016
21791.6015625,-41.8270941397
21877.734375,-41.4100118532
21963.8671875,-41.9942511114
22050.0,-44.4259753921
