growl
0.0,-7.23456883914
86.1328125,-5.73729159182
172.265625,-6.13988516257
258.3984375,-7.88701649177
344.53125,-8.81271497368
430.6640625,-9.26508573136
516.796875,-8.25458867148
602.9296875,-6.68840023343
689.0625,-6.16988574764
775.1953125,-7.12388271704
861.328125,-9.00825186444
947.4609375,-9.71645600925
1033.59375,-10.0934401219
1119.7265625,-10.8132657747
1205.859375,-11.7596217088
1291.9921875,-11.6323145324
1378.125,-11.3193590803
1464.2578125,-10.279876359
1550.390625,-9.79710390021
1636.5234375,-9.7555674531
1722.65625,-9.34381266315
1808.7890625,-9.13420988716
1894.921875,-9.9832371156
1981.0546875,-11.4965950246
2067.1875,-11.4644205116
2153.3203125,-11.6005187372
2239.453125,-11.6705294342
2325.5859375,-11.8029750077
2411.71875,-12.2484227733
2497.8515625,-13.0145299162
2583.984375,-11.9496342864
2670.1171875,-10.89217332
2756.25,-10.8592608464
2842.3828125,-11.6540127014
2928.515625,-12.2833616413
3014.6484375,-12.6533708058
3100.78125,-12.6327499299
3186.9140625,-12.395129426
3273.046875,-12.3148022965
3359.1796875,-12.1705591871
3445.3125,-12.424370431
3531.4453125,-13.030773789
3617.578125,-13.3419795271
3703.7109375,-13.5771938153
3789.84375,-13.3695819607
3875.9765625,-13.5597855147
3962.109375,-13.4524320148
4048.2421875,-13.3771756675
4134.375,-13.548878016
4220.5078125,-13.161068245
4306.640625,-13.0758479303
4392.7734375,-13.3049668113
4478.90625,-13.4647236507
4565.0390625,-13.6797325816
4651.171875,-13.5583400104
4737.3046875,-13.8734680665
4823.4375,-13.8810108038
4909.5703125,-13.4049817159
4995.703125,-13.2286921048
5081.8359375,-13.4264512269
5167.96875,-13.7468350803
5254.1015625,-14.2469927866
5340.234375,-14.5555897218
5426.3671875,-14.8236401742
5512.5,-15.3233199819
5598.6328125,-15.2098401666
5684.765625,-14.7579550389
5770.8984375,-14.7232388955
5857.03125,-15.4320391583
5943.1640625,-15.1914072144
6029.296875,-14.3140622666
6115.4296875,-14.4606054218
6201.5625,-14.8990161909
6287.6953125,-14.7301124665
6373.828125,-14.3982475557
6459.9609375,-14.021167088
6546.09375,-13.6862981156
6632.2265625,-13.8879376
6718.359375,-14.0850844696
6804.4921875,-14.2099114696
6890.625,-14.2614780121
6976.7578125,-14.7143879732
7062.890625,-14.7124577651
7149.0234375,-13.8715053592
7235.15625,-13.1626754043
7321.2890625,-12.7166633325
7407.421875,-12.7686503832
7493.5546875,-12.9087890259
7579.6875,-12.9414510317
7665.8203125,-12.6038147039
7751.953125,-12.5499138721
7838.0859375,-12.691200883
7924.21875,-12.8482349384
8010.3515625,-13.0219366764
8096.484375,-13.3629999209
8182.6171875,-13.4931533904
8268.75,-13.4704043673
8354.8828125,-13.6176523193
8441.015625,-13.677607311
8527.1484375,-13.9536899589
8613.28125,-15.1171195486
8699.4140625,-16.3460166344
8785.546875,-16.2056109891
8871.6796875,-16.2211835594
8957.8125,-16.2370062689
9043.9453125,-16.1314329303
9130.078125,-16.1639329993
9216.2109375,-16.2794995997
9302.34375,-15.8442672493
9388.4765625,-15.7111332869
9474.609375,-16.4579922095
9560.7421875,-16.8128834494
9646.875,-16.4692689571
9733.0078125,-16.704692741
9819.140625,-16.6957869407
9905.2734375,-16.2688195464
9991.40625,-16.2410102034
10077.5390625,-17.2442112683
10163.671875,-17.3698273595
10249.8046875,-16.8588973765
10335.9375,-16.4281305293
10422.0703125,-16.5880744419
10508.203125,-17.5511926203
10594.3359375,-17.5998689644
10680.46875,-16.9078605407
10766.6015625,-16.8361391012
10852.734375,-17.2830272025
10938.8671875,-16.5676615186
11025.0,-16.5551749472
11111.1328125,-17.5438814235
11197.265625,-17.7378060119
11283.3984375,-17.3356501805
11369.53125,-17.0819607152
11455.6640625,-17.2088599626
11541.796875,-17.252957786
11627.9296875,-16.7409220976
11714.0625,-16.9759898471
11800.1953125,-17.3976843466
11886.328125,-17.5563240176
11972.4609375,-17.4993769809
12058.59375,-16.6060997475
12144.7265625,-16.0626563089
12230.859375,-15.9875917227
12316.9921875,-16.1924324762
12403.125,-16.1074161874
12489.2578125,-15.9016262092
12575.390625,-16.1983905669
12661.5234375,-15.9712465572
12747.65625,-15.7194622313
12833.7890625,-16.1584007046
12919.921875,-16.5456626234
13006.0546875,-17.5937065332
13092.1875,-17.9097797356
13178.3203125,-17.9858139389
13264.453125,-17.3122903979
13350.5859375,-17.6540037387
13436.71875,-18.5125990593
13522.8515625,-18.6149198738
13608.984375,-18.3192666436
13695.1171875,-17.6844958095
13781.25,-18.0102034781
13867.3828125,-18.613424235
13953.515625,-18.2163758266
14039.6484375,-17.7695990528
14125.78125,-17.6863003775
14211.9140625,-17.7595663006
14298.046875,-17.2736834887
14384.1796875,-17.1886233061
14470.3125,-17.1854996265
14556.4453125,-17.66861212
14642.578125,-17.8927685633
14728.7109375,-17.318613075
14814.84375,-16.8827768851
14900.9765625,-17.0300489397
14987.109375,-17.5825981304
15073.2421875,-17.4554509743
15159.375,-18.345610613
15245.5078125,-20.9879664375
15331.640625,-24.7378780222
15417.7734375,-26.619989268
15503.90625,-27.8160272987
15590.0390625,-29.5678407177
15676.171875,-30.8915658621
15762.3046875,-32.3104296824
15848.4375,-35.4038183994
15934.5703125,-40.5366218671
16020.703125,-41.6284897009
16106.8359375,-42.0151465666
16192.96875,-42.1371228133
16279.1015625,-42.3845828895
16365.234375,-41.8139850323
16451.3671875,-41.7705125193
16537.5,-41.3613255166
16623.6328125,-41.4324565006
16709.765625,-42.4821737851
16795.8984375,-41.7173198992
16882.03125,-41.2089372347
16968.1640625,-41.7115982803
17054.296875,-42.818893547
17140.4296875,-42.185235323
17226.5625,-41.649872225
17312.6953125,-41.808293261
17398.828125,-41.8535010674
17484.9609375,-41.6933952562
17571.09375,-42.0923008483
17657.2265625,-41.87178884
17743.359375,-41.413861982
17829.4921875,-41.3456830452
17915.625,-41.5699562747
18001.7578125,-41.7257067909
18087.890625,-40.9499580785
18174.0234375,-41.2459511775
18260.15625,-41.8744203299
18346.2890625,-42.2460664461
18432.421875,-42.3482666614
18518.5546875,-41.9656538863
18604.6875,-41.4048932216
18690.8203125,-42.1174291309
18776.953125,-41.8464189602
18863.0859375,-41.8063349189
18949.21875,-41.7234870409
19035.3515625,-42.3719455769
19121.484375,-41.8058411993
19207.6171875,-40.9404641591
19293.75,-41.3548181749
19379.8828125,-41.7920538603
19466.015625,-41.4502789728
19552.1484375,-41.1533815291
19638.28125,-41.996805725
19724.4140625,-41.8819002473
19810.546875,-42.0450137868
19896.6796875,-41.7007497731
19982.8125,-41.7568618965
20068.9453125,-41.975165328
20155.078125,-41.8219232393
20241.2109375,-41.7923122107
20327.34375,-41.6258854468
20413.4765625,-41.7597589087
20499.609375,-41.9411177979
20585.7421875,-41.9374305087
20671.875,-41.8298243901
20758.0078125,-42.0928021086
20844.140625,-42.6129707673
20930.2734375,-42.2644622772
21016.40625,-41.9521587648
21102.5390625,-42.0622975592
21188.671875,-41.6164431917
21274.8046875,-41.8879807299
21360.9375,-42.0500103718
21447.0703125,-41.5896776024
21533.203125,-41.7981708127
21619.3359375,-41.921403772
21705.46875,-42.206799832
21791.6015625,-41.7234026357
21877.734375,-41.893377595
21963.8671875,-42.2331816288
22050.0,-43.1357223145
